51.946624,0.950075
52.106218,0.996520
52.098732,1.111146
51.970164,1.055204
51.795233,1.141212
51.810966,1.024722
51.874645,1.102057
52.190425,0.994569
52.277934,1.034560
52.181317,1.063877
52.199715,1.203049
52.218096,1.317749
52.088228,1.311589
51.962409,1.312472
51.998273,1.185298
52.059840,1.158016
51.785203,0.920457
51.904840,0.810751
51.885463,0.905680
52.067614,0.928587
52.005669,0.867494
52.045815,0.734818
52.109937,0.803414
51.842363,1.252254
52.357872,1.114081
52.352562,0.990586
52.481187,1.014818
52.198962,1.488667
52.140821,1.405941
52.292255,1.391436
52.044284,1.368163
52.094964,1.534121
51.717285,0.891042
51.720681,0.804676
51.644072,0.806576
52.086734,0.646608
51.943580,0.628643
52.016357,0.580284
52.160110,0.764503
52.227872,0.849198
52.299288,0.925170
52.401730,1.318725
52.326320,1.287055
52.412731,1.186414
52.569385,1.111043
52.574536,0.979920
52.454931,1.435381
52.359379,1.504610
52.214129,1.576268
52.277476,1.630624
52.171626,0.530660
52.168214,0.608968
52.247656,0.712199
52.279267,0.657663
51.879072,0.555712
51.838910,0.711052
51.927395,0.691895
51.800185,0.633240
52.487636,0.856600
52.445312,0.927036
52.416166,0.748988
52.330079,0.861931
52.663414,0.775104
52.534754,0.934714
52.569500,0.837399
52.628441,0.851432
52.524623,1.165032
52.650467,1.207690
52.631233,1.295958
52.545146,1.278157
52.488959,1.234865
52.540763,1.470813
52.560259,1.362051
52.620344,1.441950
52.575165,1.540295
52.472024,1.734023
52.336048,1.670199
52.456599,1.562300
52.327493,1.566872
52.459642,1.675846
52.384892,0.666041
52.451224,0.624323
52.274865,0.487364
52.192764,0.387500
52.219399,0.480126
52.245557,0.402112
51.875430,0.369550
52.645828,0.689481
52.668911,0.553913
52.494692,0.540703
52.566080,0.583141
52.577482,0.709210
52.350306,0.505494
52.325861,0.388287
51.878220,0.167938
51.801683,0.226574
51.914574,0.224993
52.831021,0.853763
52.722725,0.792990
52.766699,0.747148
52.703011,0.869865
52.818364,0.678879
52.834393,0.585048
52.705075,0.662132
52.781030,0.531189
52.728251,1.281412
52.822590,1.252827
52.547524,1.634199
52.598961,1.728019
52.649208,1.559028
52.667324,0.395556
52.619833,0.478417
52.601672,0.380097
52.540272,0.387697
52.814191,0.468236
52.754574,0.409886
52.101735,0.259597
52.014815,0.311195
52.100628,0.173167
52.018060,0.232883
51.924918,0.005112
51.841450,0.098144
51.770543,0.108906
51.790489,-0.042580
51.915021,0.092079
52.928744,0.751645
52.946965,0.865468
52.870994,0.633566
52.902126,0.686842
52.966440,0.655733
52.934612,1.203156
52.923880,1.305408
52.689145,1.687217
52.844741,1.397584
52.771468,1.516559
52.727781,1.373320
52.690175,1.475624
52.910872,0.492857
51.992613,0.392419
52.079845,0.446913
51.957448,0.468631
52.187506,0.306705
52.267023,0.317908
52.231611,0.199887
52.206871,0.128844
51.681055,0.101863
51.639264,-0.070939
51.589451,0.028598
51.569225,0.186473
51.680811,0.267175
51.635066,0.165796
51.622183,0.306009
51.722704,0.174465
51.729503,-0.122120
51.654761,-0.283333
51.608691,-0.151896
51.680486,-0.191528
51.896288,-0.191442
51.789464,-0.212459
51.887559,-0.116605
51.995919,0.053077
52.050232,-0.024479
51.724869,0.588470
51.621180,0.606631
51.739340,0.693858
52.453776,0.307019
52.375706,0.137302
52.401237,0.257057
52.219648,-0.007183
52.127448,0.067433
52.133919,-0.012654
51.402693,0.013356
51.393818,-0.084957
51.427551,0.039522
51.384765,0.068119
51.457750,0.071296
51.463366,-0.023103
51.398671,0.025684
51.733965,0.471331
51.650901,0.410785
51.580064,0.478053
51.474575,0.306185
51.452539,0.157672
51.615537,-0.458205
51.745149,-0.490648
51.657138,-0.394841
51.575594,-0.305067
51.585433,-0.438893
52.065385,-0.283156
51.965822,-0.241378
52.063395,-0.130742
52.315878,0.052660
52.465314,0.052223
52.371639,-0.000205
52.317711,-0.080465
52.666433,0.163638
52.521523,0.249268
52.495107,0.171258
52.598079,0.217602
51.254915,0.005091
51.248240,0.058932
51.301048,-0.080269
51.295466,0.297671
51.289764,0.173014
51.244032,-0.188268
51.324798,-0.152067
51.488508,-0.189331
51.516340,-0.114501
51.394351,-0.192118
51.560302,-0.187632
51.446154,0.353777
51.527543,0.434420
51.461260,0.635447
51.549936,0.602918
51.547752,0.699371
51.386432,0.529769
51.520500,-0.440460
51.558129,-0.425884
51.452663,-0.309792
51.382800,-0.444254
51.839166,-0.452270
51.815539,-0.341873
51.886975,-0.409091
51.748180,-0.327131
51.895004,-0.521843
51.804612,-0.651805
51.914579,-0.679732
51.894007,-0.581689
51.656700,-0.597926
52.008325,-0.482556
51.970786,-0.427494
51.979247,-0.339327
52.071057,-0.385008
51.394948,0.911650
51.429559,0.765816
51.544125,0.777667
51.238899,0.696268
51.367108,0.607613
51.339510,0.732051
51.361799,0.326730
51.304247,0.433036
51.272951,0.518892
51.227816,0.883009
51.314822,0.794061
51.319196,0.891354
51.225790,0.802780
51.214367,1.075278
51.277745,1.081422
51.284930,0.953096
51.366081,1.127106
51.357785,1.032226
51.024407,0.816108
51.171825,0.748980
51.150710,0.874028
51.081048,0.772483
51.128054,0.976729
51.043378,1.002881
51.083691,1.094852
51.262429,1.349526
51.233145,1.235260
51.223482,1.145263
51.305130,1.199588
51.365768,1.339633
51.105585,0.531448
51.035595,0.553479
51.078939,0.693287
51.185939,0.599536
50.908291,0.669151
50.909772,0.587212
50.862497,0.577619
50.946637,0.731451
50.916579,0.474223
50.906645,0.327001
50.846382,0.466362
50.844603,0.369990
51.076599,0.371257
51.186853,0.380879
51.184391,0.495795
51.069475,0.378798
51.023846,0.411756
51.014661,0.416289
51.148311,0.262583
51.163728,0.157286
51.056473,0.172543
51.057585,0.261824
51.133670,1.302009
51.083437,1.169017
50.983485,0.944168
50.931837,0.970388
51.357796,1.405547
51.218229,1.391133
50.899108,0.176299
50.825734,0.167672
50.852149,0.241602
50.955768,0.245533
50.779046,0.289772
51.044379,-0.028874
51.134312,-0.007669
51.092249,0.072492
50.786679,0.051476
50.977880,0.085497
50.936243,-0.052691
50.875854,0.015792
50.834447,-0.251350
50.902313,-0.184171
51.003499,-0.097842
50.943173,-0.146394
50.827699,-0.143236
50.950498,-0.276223
51.059992,-0.092960
51.032113,-0.228178
51.168758,-0.128098
50.821982,-0.459418
50.931085,-0.459142
50.985750,-0.374612
50.820358,-0.379162
50.884425,-0.317566
52.223962,-0.274392
52.181582,-0.174011
52.437503,-0.284164
52.328986,-0.184151
52.437181,-0.107141
52.412510,-0.215826
52.354453,-0.269944
52.548392,0.084904
52.531664,0.012688
52.637711,0.047557
52.494347,-0.024490
52.766035,0.131263
52.716512,0.292011
52.840470,0.170954
52.695154,-0.015287
52.808319,0.017928
52.797123,-0.072545
52.760540,-0.015442
52.800382,0.075847
51.243090,-0.482132
51.236783,-0.324366
51.348201,-0.302561
51.301831,-0.388982
52.024944,-0.630670
52.054855,-0.818560
51.964465,-0.790113
52.033591,-0.753437
51.938347,-0.882322
51.779989,-0.754516
51.814897,-0.810035
52.133636,-0.470655
52.146282,-0.379712
52.286970,-0.379527
52.718600,0.999851
52.676932,1.090715
52.745579,1.114780
52.682677,0.945448
52.352962,-0.398178
52.437467,-0.355181
52.481951,-0.470423
52.798826,-0.153139
52.676800,-0.172511
52.712213,-0.132726
52.299965,-0.694047
52.146107,-0.700674
52.277067,-0.509670
52.301903,-0.600783
52.197289,-0.570251
52.641503,-0.393824
52.649172,-0.481734
52.562787,-0.312570
52.668632,-0.318980
52.541380,-0.417717
52.492938,-0.560537
52.569222,-0.520853
52.441820,-0.595417
52.369727,-0.553310
52.572261,-0.252551
52.558959,-0.119383
51.315315,-0.587877
51.219670,-0.587705
51.805704,-1.045621
51.779557,-0.960198
51.992440,-0.991320
52.078208,-1.049341
51.932881,-1.037016
51.713065,-0.824549
51.619970,-0.732816
51.633327,-0.868571
51.012356,-0.669071
51.072285,-0.498312
51.137398,-0.580902
51.174207,-0.618591
50.979736,-0.609357
50.825909,-0.547272
50.826340,-0.630269
50.789833,-0.672958
51.086625,-0.431566
51.159314,-0.372358
51.073192,-0.322701
52.891135,1.080872
52.935802,1.035733
52.389542,-0.895558
52.433545,-0.802920
52.394825,-0.719604
52.325265,-0.892052
52.255721,-0.801272
52.243367,-0.892368
52.154294,-0.894928
52.771001,-0.373856
52.851484,-0.386217
52.858006,-0.300944
52.735813,-0.441464
52.795571,-0.641644
52.799491,-0.526145
51.647303,-1.073394
52.224953,-1.009144
52.131069,-0.987740
51.415545,-0.512284
51.487862,-0.607426
51.392787,-0.674262
51.253166,-0.771894
51.273674,-0.841320
51.322795,-0.789232
51.522075,-0.861326
51.413485,-0.751193
51.449553,-0.907360
51.537573,-0.744096
51.408681,-0.845681
51.455187,-0.968624
51.454220,-1.043054
51.385382,-0.959655
51.545326,-1.015553
50.835500,-0.780898
50.985429,-0.740510
50.882771,-0.739932
50.978244,-0.844869
50.822560,-0.867066
51.186435,-0.728748
51.188079,-0.905040
51.093501,-0.765154
51.117458,-0.854311
51.675918,-1.167821
51.594125,-1.241489
51.659745,-1.293261
51.308911,-0.983007
51.264344,-1.095878
50.744629,-0.797372
50.802368,-1.088964
50.802791,-0.999760
50.994682,-1.031586
50.871111,-1.001665
50.872849,-1.094792
51.017039,-0.926134
51.085621,-0.955243
51.156216,-1.050373
51.149512,-0.975476
52.397872,-1.027568
52.472157,-0.921550
52.430522,-1.112166
52.309837,-1.093714
52.912535,-0.395516
52.977638,-0.304499
53.005644,-0.407667
52.965940,-0.103243
52.915125,-0.170132
52.615352,-0.937501
52.638831,-1.009423
52.537318,-1.005832
52.529455,-0.724849
52.530403,-0.844630
52.263978,-1.173877
52.192498,-1.264889
52.354676,-1.153977
52.468959,-1.201845
52.370621,-1.258683
52.419505,-1.312951
51.718252,-1.335357
51.670204,-1.516803
51.697039,-1.426949
51.595223,-1.429722
51.546870,-1.290799
51.535951,-1.147762
51.408860,-1.256530
51.503751,-1.230898
51.234487,-1.301202
51.369863,-1.145320
51.242659,-1.161765
51.324525,-1.239328
50.883231,-1.314988
50.995287,-1.121157
50.832169,-1.182381
50.935938,-1.195316
50.633925,-1.177473
50.708632,-1.151717
50.728732,-1.293538
53.137316,-0.408123
53.209854,-0.327743
52.977141,-0.025355
53.007692,0.071564
52.710326,-1.111889
52.781395,-0.964399
52.658064,-1.287150
52.572157,-1.183102
52.655307,-1.191160
52.544745,-1.289374
52.507191,-1.144570
52.631302,-1.128020
52.415209,-1.509896
52.383501,-1.405515
53.233557,-0.466675
53.389781,-0.345477
53.360370,-0.407526
53.389495,-0.494870
53.335180,-0.337083
53.286995,-0.302560
53.330264,-0.234515
53.245288,-0.221601
53.399080,-0.263875
53.213167,-0.120549
53.068329,-0.281085
53.147492,-0.228546
53.099479,-0.185638
53.176790,0.077387
53.121126,-0.010128
53.161214,0.245552
53.107016,0.236518
53.076388,0.179640
51.413162,-1.488166
51.528348,-1.434400
51.404549,-1.328782
51.852933,-1.476007
51.792054,-1.491809
51.808829,-1.367441
51.751713,-1.246050
51.900386,-1.151030
51.846108,-1.203864
51.922536,-1.306685
51.826299,-1.291297
51.605263,-1.645654
51.646404,-1.584575
51.704706,-1.681202
51.087052,-1.243653
51.172221,-1.262743
51.137443,-1.185381
51.072476,-1.163596
51.063013,-1.318810
51.095544,-1.505045
51.174754,-1.373216
51.264100,-1.493705
51.207758,-1.492797
50.993576,-1.493910
50.912160,-1.398365
50.919989,-1.484926
50.854763,-1.376496
50.964440,-1.349520
50.686704,-1.520771
50.783137,-1.416127
50.668236,-1.394655
50.801202,-1.466259
50.602375,-1.263705
51.079545,-1.669745
51.161993,-1.701623
51.169368,-1.595795
50.990090,-1.618760
50.902933,-1.577303
50.824890,-1.694532
50.754993,-1.664453
50.763330,-1.555443
51.243949,-1.646246
51.355117,-1.683900
52.839522,-1.137648
52.769734,-1.220566
52.842461,-1.447894
52.743952,-1.486639
52.725152,-1.376787
52.505057,-1.468002
52.640879,-1.381348
52.547073,-1.363570
52.402798,-1.644248
52.326632,-1.676553
52.475435,-1.575423
52.379875,-1.552916
53.013707,-1.193587
52.902702,-1.282156
52.956953,-1.152974
52.941942,-0.973725
52.974194,-1.048414
52.805260,-1.635796
52.859596,-1.668567
52.728295,-1.625718
52.765946,-1.557986
52.986661,-1.319254
52.865064,-1.339349
52.918292,-1.473127
53.015675,-1.471990
52.610692,-1.617546
52.624567,-1.687052
52.564163,-1.536668
52.526508,-1.689971
52.127521,-1.628242
52.188307,-1.603315
52.288244,-1.543194
52.195452,-1.704116
53.082080,-0.568728
53.153892,-0.655766
53.221938,-0.549553
53.285839,-0.663639
53.320847,-0.569151
53.490838,-0.356852
53.483332,-0.545363
53.579986,-0.653983
53.558198,-0.509874
53.416616,-0.601010
53.513769,-0.661292
53.442374,-0.177404
53.331155,0.087246
53.251193,-0.003494
53.367317,-0.000760
53.289609,-0.074797
51.385412,-1.592660
51.455036,-1.611994
51.426291,-1.726800
51.506996,-1.527543
51.764875,-1.587314
51.811552,-1.704935
51.862513,-1.588981
52.029436,-1.142438
52.094441,-1.194102
51.950401,-1.219508
52.056169,-1.450676
51.976120,-1.423673
52.052903,-1.337105
51.925920,-1.853323
51.766448,-1.876574
51.830430,-1.838034
51.789104,-1.774361
51.883570,-1.756636
51.704759,-1.791269
51.569578,-1.776243
51.651061,-1.910726
53.207267,-1.185299
53.139162,-1.217872
53.230781,-1.299020
53.111993,-1.130426
52.860294,-1.547152
52.952378,-1.635381
53.166634,-1.401255
53.172429,-1.488205
53.072183,-1.378339
53.075522,-1.449393
53.217221,-1.671844
53.128143,-1.567417
53.060044,-1.635806
52.540411,-1.846542
52.422071,-1.801425
52.474175,-1.904735
52.485701,-1.750122
52.420718,-1.867530
52.242556,-1.442449
52.139155,-1.387051
52.174580,-1.499696
52.266502,-1.384715
52.090774,-1.690715
51.940503,-1.692949
51.981324,-1.613162
52.067570,-1.633145
51.935016,-1.543665
52.030870,-1.559598
52.292575,-1.929748
52.268278,-1.763680
52.198241,-1.866359
52.181614,-1.810826
53.033927,-0.506438
52.912436,-0.645581
52.959595,-0.514938
52.871236,-0.567217
53.074508,-0.809223
53.229786,-0.898612
53.189678,-0.773272
53.148215,-0.894276
53.358616,-0.703672
53.408324,-0.782290
53.379853,-0.891152
53.289828,-0.771524
53.451930,-0.717183
53.564711,-0.881322
53.534904,-0.740454
53.512777,-0.830137
53.734673,-0.558226
53.674862,-0.507267
53.674162,-0.601537
53.650447,-0.682143
53.746493,-0.782834
53.607992,-0.833409
53.759663,-0.715355
53.717975,-0.868477
53.635328,-0.786411
53.707472,-0.724992
53.743405,-0.411334
53.680910,-0.378111
53.630852,-0.466542
53.753245,-0.345828
53.621926,-0.316979
53.261145,0.272545
53.261719,0.180912
53.314658,0.203653
53.335542,0.266310
51.488175,-1.847133
51.421920,-1.842878
51.554803,-1.883979
51.341218,-1.762237
51.307270,-1.829761
52.096375,-1.929062
52.052365,-1.766729
52.043979,-1.860464
51.676450,-2.034011
51.581015,-2.098989
51.714467,-1.966964
53.317346,-1.123641
53.361901,-1.212765
53.271099,-1.228755
53.305678,-1.480068
53.311944,-1.331810
53.384190,-1.403454
53.379287,-1.475404
53.242033,-1.426950
53.064772,-0.928938
53.181558,-1.026114
53.300215,-1.658006
52.556298,-2.010730
52.656456,-1.938999
52.575881,-2.115241
52.411357,-2.105712
52.483112,-2.106832
52.340533,-2.065400
52.475941,-1.967079
52.395290,-1.981421
52.199965,-2.116457
52.222350,-1.998349
52.988692,-0.768457
52.894032,-0.879351
53.003960,-0.895239
53.323499,-0.942859
53.320274,-1.024832
53.269614,-1.062166
53.523034,-0.925953
53.418597,-1.051280
53.477863,-1.017336
53.787097,-1.069439
53.605221,-0.977709
53.694687,-1.008326
53.931192,-0.780391
53.887407,-0.855304
53.835459,-0.767631
53.914443,-0.538142
53.861578,-0.659318
53.791861,-0.631295
53.843875,-0.435982
53.886498,-0.304157
53.725677,-0.120497
53.606249,-0.224459
53.746136,-0.209402
53.179198,0.341503
51.182917,-1.783212
51.005473,-1.744867
51.072081,-1.802796
51.126793,-1.895214
51.513405,-2.067628
51.456087,-2.120745
51.503140,-1.980231
51.440858,-2.013225
51.957940,-1.971073
52.101420,-2.085941
52.031019,-2.049800
51.489364,-2.220043
51.429882,-2.183991
51.416930,-2.266923
51.461824,-2.323360
51.741095,-2.153465
51.605377,-2.336144
51.561443,-2.249953
51.736832,-2.210314
51.635076,-2.160486
51.926728,-2.135619
51.897311,-2.075278
51.845400,-1.936667
51.811391,-2.056846
53.437647,-1.358759
53.506787,-1.417666
53.553422,-1.477678
53.516023,-1.599769
52.755201,-0.734108
52.690778,-0.882997
52.857869,-0.766233
52.764441,-0.891437
52.625979,-2.271173
52.525667,-2.175326
52.561117,-2.280649
52.370340,-2.259400
52.193456,-2.221714
52.259635,-2.236118
52.268060,-2.151246
52.688360,-2.015326
52.684545,-2.129437
52.805983,-2.114452
52.805226,-2.023440
52.729913,-1.730384
52.856059,-1.781432
52.752947,-1.917139
52.678007,-1.824618
52.808020,-1.880851
52.755660,-1.825920
53.447190,-1.243255
53.431009,-1.272161
53.497901,-1.309027
53.525454,-1.124613
53.455390,-1.228606
53.597708,-1.168922
53.608686,-1.287846
53.696051,-1.119628
53.867859,-1.054338
53.959167,-1.087120
53.969149,-0.935785
53.828782,-0.924826
53.795041,-1.143023
53.816299,-1.246377
53.883693,-1.269123
54.141756,-0.707759
54.038639,-0.714224
54.136102,-0.791340
54.073173,-0.845996
53.915539,-0.172773
53.839816,-0.244277
53.852894,-0.122485
53.716918,0.024558
53.755757,-0.044442
50.877255,-1.884938
50.850954,-1.785695
50.943020,-1.771554
50.978997,-1.910349
51.067878,-2.069599
51.068292,-1.935424
51.168054,-2.083442
50.737107,-1.792462
50.733000,-1.869536
50.803556,-1.891136
51.198162,-2.278496
51.243956,-2.312189
51.222835,-2.186745
51.329912,-2.227118
51.534524,-2.422058
51.468262,-2.515214
51.382536,-2.363032
51.912949,-2.309609
51.855759,-2.240589
51.817864,-2.198732
51.749405,-2.327521
51.733622,-2.541657
51.598980,-2.529893
51.671697,-2.361943
51.709663,-2.465376
52.113505,-2.325630
51.955825,-2.213948
51.997404,-2.153631
52.066949,-2.211902
52.033214,-2.319584
50.855230,-1.982518
50.973190,-2.073188
50.954284,-2.005569
50.763502,-2.080087
50.638527,-2.064406
50.723939,-1.975538
50.689234,-2.109726
50.789878,-1.985208
51.373578,-2.131745
51.345349,-1.991642
51.230935,-1.953802
51.288953,-2.101773
51.281628,-2.479850
51.090907,-2.297870
51.009780,-2.176748
51.080388,-2.185042
51.032389,-2.276773
51.482144,-2.669281
51.388180,-2.691337
51.458953,-2.592341
51.510738,-2.564343
51.914496,-2.424075
51.917419,-2.500737
51.823616,-2.489305
52.037145,-2.423382
52.028244,-2.527186
51.913831,-2.582964
51.846314,-2.624444
51.779851,-2.618357
51.804630,-2.708103
51.637373,-2.676698
51.561415,-2.615661
51.730657,-2.718499
52.232686,-2.387438
52.190979,-2.491494
52.286572,-2.488533
52.121891,-2.470261
52.133630,-2.376846
50.613379,-1.965610
50.674972,-2.233731
50.778280,-2.315564
50.814044,-2.243363
50.757681,-2.201635
52.727892,-2.305702
52.784637,-2.246506
52.691105,-2.199366
52.991240,-1.895849
53.021739,-1.737812
52.897009,-1.867736
53.687301,-1.505447
53.610763,-1.366497
53.717809,-1.349215
54.070422,-0.981314
54.133977,-1.247474
54.111816,-1.150273
54.050126,-1.258234
54.132359,-1.317202
53.993675,-1.304142
53.915634,-1.377295
53.821529,-1.460699
54.235969,-0.794565
54.293227,-0.712178
54.019185,-0.580902
53.983872,-0.656648
54.124277,-0.523672
54.090757,-0.576543
54.308410,-0.558659
54.182498,-0.510655
54.229469,-0.595602
52.769767,-2.383103
52.809543,-2.423360
52.778577,-2.472242
53.127343,-1.835893
53.198381,-1.824845
52.974430,-2.007648
52.865163,-2.077345
53.346971,-1.757811
53.264325,-1.746325
53.260938,-1.910614
52.372073,-2.471769
52.382980,-2.534620
52.441123,-2.452696
52.459097,-2.372275
52.363869,-2.360860
52.057418,-2.715819
52.005353,-2.602861
51.980669,-2.737101
51.950023,-2.655127
50.926948,-2.279116
50.854808,-2.154144
51.099071,-2.519865
51.185146,-2.541814
51.047934,-2.412875
51.132135,-2.429218
51.209600,-2.651597
51.345857,-2.594312
51.784534,-2.777641
51.900787,-2.782424
51.833586,-2.876614
51.713309,-2.892484
51.601165,-2.756629
51.591016,-2.849414
50.865195,-2.471919
50.971791,-2.396987
50.947999,-2.508173
50.898389,-2.404299
50.685583,-2.383946
50.792153,-2.411364
50.714862,-2.440843
50.806283,-2.485356
50.846759,-2.641574
50.942431,-2.643409
50.985570,-2.679950
50.895383,-2.583820
51.076236,-2.643226
51.133272,-2.739356
51.047615,-2.734522
51.021843,-2.559707
50.734526,-2.751709
50.669579,-2.551761
50.723418,-2.672933
50.785895,-2.575662
50.923629,-2.928754
50.819838,-2.761375
50.924989,-2.779456
51.049621,-2.935671
51.154844,-2.895798
51.028010,-2.837634
50.731147,-2.938685
50.893165,-3.127035
50.999430,-2.997789
50.872152,-2.969563
50.898727,-3.024486
51.056831,-3.035400
51.130493,-3.008530
51.138751,-3.083517
51.014670,-3.099895
51.237727,-2.914380
51.269162,-2.790285
51.326388,-2.805730
50.610136,-2.456906
50.715786,-3.071971
50.783358,-3.004021
50.991049,-3.223957
50.890588,-3.351778
51.239739,-2.988403
51.347605,-2.961555
51.172212,-3.337771
51.018122,-3.321682
50.990088,-3.487665
50.962009,-3.534052
50.904760,-3.487303
50.855074,-3.385258
50.869350,-3.371800
50.857923,-3.513569
51.533293,-3.100730
51.452052,-2.766196
51.425476,-2.843582
51.039681,-3.550923
51.099483,-3.538413
51.129314,-3.452898
51.199984,-3.467332
50.720740,-3.517010
50.691474,-3.421455
50.804034,-3.506794
50.792555,-3.361869
50.641266,-3.324840
50.765697,-3.283300
50.797958,-3.197540
50.685369,-3.243492
51.120559,-3.643850
51.032528,-3.717803
51.087215,-3.722588
50.942080,-3.640952
50.906537,-3.713082
51.002562,-3.658153
51.590187,-2.991928
51.707546,-2.979261
51.629265,-3.132845
51.683558,-3.033744
50.450012,-3.543760
50.552286,-3.496501
50.623906,-3.419278
51.905908,-2.967378
51.823456,-3.020879
51.856438,-3.128396
51.761420,-3.078399
51.665268,-3.196497
51.573777,-3.229406
51.605756,-3.328194
51.674878,-3.349180
50.360389,-3.691768
50.439600,-3.680802
50.274585,-3.671709
50.414558,-3.603415
50.266400,-3.771966
50.354964,-3.580726
50.529123,-3.599500
50.497027,-3.759410
50.613228,-3.648787
52.058391,-2.976545
51.945042,-3.040037
52.073769,-3.126719
51.997093,-2.993031
52.014163,-3.044379
51.941012,-2.878618
52.027568,-2.823978
51.918902,-3.291076
51.882913,-3.222192
51.746216,-3.276787
51.480630,-3.184116
51.410511,-3.271183
51.420092,-3.354903
51.541024,-3.382051
51.513947,-3.571720
51.436483,-3.478586
51.529134,-3.471208
51.605463,-3.558699
51.632160,-3.458727
51.737587,-3.500595
51.727335,-3.372016
51.706948,-3.438042
50.371968,-3.916759
50.410860,-3.835656
50.294044,-3.867089
50.603121,-3.890358
50.536509,-3.818022
50.714551,-3.585476
50.813651,-3.765841
50.648616,-3.765618
50.723482,-3.738623
50.793421,-3.649045
52.206826,-3.112949
52.268048,-3.001581
52.128332,-3.015727
52.204901,-3.030148
52.221467,-3.185103
52.182437,-3.297932
52.267956,-3.297278
52.114881,-3.203513
52.097632,-3.332415
52.013558,-3.228567
51.496153,-3.696538
51.926544,-3.457376
51.811518,-3.551115
51.619960,-3.652720
51.706204,-3.708391
52.320908,-3.164510
52.350382,-3.063658
52.423329,-2.978216
52.440530,-2.829621
52.360502,-2.950057
52.145560,-2.812593
52.299619,-2.934177
52.258837,-2.849934
52.143808,-2.882793
52.146145,-2.946749
52.349991,-3.309193
52.428886,-3.209427
52.393819,-3.326406
52.300447,-3.511601
52.197898,-3.528470
52.238120,-3.386393
52.152273,-3.409871
51.946948,-3.390675
51.950573,-3.570138
51.748726,-3.604915
51.778777,-3.752924
50.728020,-3.931154
50.718995,-3.806970
50.792681,-3.926000
50.908095,-3.851889
50.861416,-3.922602
50.964005,-3.794187
50.957717,-3.971360
52.324535,-3.431072
52.345768,-3.488964
52.447739,-3.540515
52.149097,-3.578171
52.107613,-3.639846
52.078598,-3.774602
51.949778,-3.632233
51.637671,-3.803596
51.692121,-3.875317
51.635342,-3.941960
51.803918,-3.894644
52.672934,-2.467430
52.665142,-2.378632
52.533032,-2.420083
52.564435,-2.349460
52.304245,-2.715669
52.310015,-2.592969
52.472689,-2.710864
52.368368,-2.715706
52.370636,-2.607212
52.470599,-2.566293
52.176113,-2.581552
52.226373,-2.735873
52.122463,-2.727010
52.645467,-2.575639
52.531886,-2.671771
52.595165,-2.558607
52.540729,-2.728556
52.623482,-2.766721
52.532654,-2.810768
52.629047,-2.886333
52.540951,-2.906867
51.021663,-3.826141
51.094879,-3.826770
51.153580,-3.867482
51.034069,-3.888930
51.079490,-4.059151
51.104834,-4.153226
51.022446,-4.100395
51.154808,-4.003068
50.874456,-4.058132
50.953376,-4.153316
51.224062,-3.796928
51.190397,-3.923690
51.029093,-4.205398
51.164535,-4.195752
51.206068,-4.098398
50.861863,-4.219018
50.911310,-4.211881
50.900831,-4.384575
50.976604,-4.285383
52.615166,-3.405892
52.557438,-3.533267
52.514701,-3.427279
52.505219,-3.518011
52.624426,-3.744528
52.534386,-3.679621
52.406307,-3.606037
52.205921,-3.943441
51.994153,-3.797001
52.044874,-3.819652
52.038799,-3.948466
51.952353,-3.885358
51.614398,-4.167579
51.681053,-4.154957
51.603086,-4.018185
51.668122,-4.045397
52.795993,-2.653655
52.708528,-2.749825
52.799259,-2.587369
52.828113,-2.739683
52.704028,-2.612304
52.783364,-2.897109
52.713965,-2.828809
51.210602,-3.604275
50.920462,-4.534170
50.872547,-4.489391
50.823191,-4.539853
50.947556,-4.463777
50.998073,-4.399109
50.992616,-4.482204
50.810144,-4.357795
50.813223,-4.257510
50.711898,-4.315848
50.639564,-4.370012
50.651825,-4.234623
50.772761,-4.122858
50.738279,-4.019891
50.811811,-4.177952
50.707005,-4.177036
50.799477,-4.450924
50.746518,-4.500510
50.730234,-4.577897
50.512136,-4.315725
50.519023,-4.218811
50.486093,-4.438531
50.457329,-4.519177
50.595849,-4.431000
50.458832,-4.593991
50.609312,-4.522593
50.546472,-4.576781
50.618334,-4.102406
50.557334,-4.052324
50.551313,-4.138598
50.488075,-4.091210
50.544854,-3.992612
52.524410,-3.253061
52.640944,-3.238104
52.511812,-3.315632
52.663741,-3.308740
52.577659,-3.178937
52.596324,-3.850321
52.174120,-4.146090
52.287975,-3.994640
52.166193,-4.046464
52.224803,-4.021981
52.256379,-4.135378
52.111058,-4.076291
51.950780,-4.148910
52.055518,-4.185021
51.953819,-3.987252
52.086564,-4.004395
51.983017,-4.062945
51.739121,-4.302134
51.690262,-4.249686
51.608437,-4.258451
51.782748,-4.388959
51.770455,-4.203714
51.867741,-4.196381
51.856881,-4.307170
52.203448,-4.354877
52.240350,-4.261220
52.132382,-4.216616
52.174909,-4.258132
52.474278,-4.032479
52.306422,-4.151231
52.416571,-4.080908
52.398457,-3.984516
52.305494,-3.863800
52.000629,-4.254685
52.102506,-4.377336
52.034370,-4.345731
51.800005,-3.996039
51.886145,-3.995027
51.854690,-4.138565
51.802243,-4.145232
52.825080,-3.301950
52.778039,-3.177014
52.585453,-3.037164
52.489478,-2.992243
52.661671,-3.144545
54.068863,-1.522484
53.995563,-1.521232
54.086308,-1.405148
54.134327,-1.521884
54.196120,-1.222434
54.334282,-1.118559
54.234597,-1.507437
54.235272,-1.352883
54.167921,-1.407446
54.340867,-1.433238
54.329771,-1.517529
53.735903,-1.546948
53.683675,-1.577311
53.610791,-1.683223
53.708815,-1.653732
54.204609,-0.296844
54.280030,-0.405995
54.248296,-0.453122
54.013287,-0.320491
54.005919,-0.430567
54.105806,-0.332597
54.142058,-0.396012
54.358241,-0.517970
54.484415,-0.619638
54.432697,-0.544263
53.799657,-1.547896
53.816127,-1.653707
53.879758,-1.705650
54.031006,-1.709120
54.015976,-1.603532
54.142249,-1.633517
54.220661,-1.659339
54.327623,-1.675813
54.212179,-1.582726
54.281608,-1.590991
54.433371,-1.276859
54.457713,-1.180432
54.389761,-1.140995
54.367734,-1.303775
54.376543,-0.964779
54.468545,-0.934218
54.187523,-0.974442
54.204901,-1.079289
54.275208,-0.937010
54.520343,-1.488478
54.430840,-1.405934
54.426209,-1.544419
54.497249,-1.657605
54.525985,-1.552040
54.396040,-1.714566
53.586145,-1.783608
53.620145,-1.892059
53.711231,-1.786633
53.646968,-1.797265
53.714251,-1.869900
54.088321,-0.192941
54.113731,-0.130212
53.987097,-0.214875
53.448054,-1.962522
53.479259,-2.094089
53.535869,-2.126272
53.542719,-2.041083
53.740480,-2.010525
53.714222,-2.097332
53.599325,-2.309438
53.505619,-2.284261
53.470012,-2.242222
53.418097,-2.178252
53.346187,-2.109620
53.263805,-2.124390
53.353404,-1.981867
53.603144,-2.166040
53.700149,-2.277220
53.413289,-2.322994
53.338807,-2.241848
53.734202,-2.484493
53.638932,-2.492268
53.765155,-2.387113
53.481656,-2.346349
53.571658,-2.420534
53.509639,-2.506072
53.102558,-2.026660
53.192936,-2.085783
53.189590,-1.963039
53.215391,-2.323668
53.147445,-2.200610
53.074742,-2.248441
53.406353,-2.445712
53.235417,-2.522856
53.298702,-2.348613
53.870322,-2.394101
53.944782,-2.515413
53.958354,-2.452759
53.860603,-2.186696
53.931542,-2.261769
53.798366,-2.248490
53.477232,-2.639603
53.534768,-2.638735
53.593218,-2.666014
53.587391,-2.554994
53.448452,-2.745733
53.019856,-2.187146
52.859663,-2.255041
52.909106,-2.155793
53.005966,-2.279839
53.080500,-2.472654
53.143639,-2.366625
53.188651,-2.442757
53.122732,-2.646244
53.391810,-2.589264
53.236477,-2.670282
53.354477,-2.732590
52.898675,-2.474208
52.996628,-2.500630
52.990601,-2.353973
53.278558,-2.813867
53.291868,-2.940140
53.398914,-2.901960
52.980116,-2.587749
52.898468,-2.580692
52.904384,-2.701473
52.984678,-2.691335
53.657445,-2.636344
53.763291,-2.702272
53.704935,-2.583752
53.765306,-2.569894
53.568818,-2.879347
53.546410,-2.759405
53.390492,-3.045827
53.362776,-3.116747
53.411949,-2.978565
53.243139,-3.161704
54.114478,-2.374481
54.133165,-2.500964
54.088534,-2.703725
54.127784,-2.617112
53.834911,-2.603280
53.953069,-2.017381
53.956685,-2.116679
54.081640,-2.285271
54.055977,-2.155827
54.011272,-2.252831
53.999405,-2.332144
53.671106,-2.785402
53.779547,-2.762609
53.775384,-2.878669
53.604499,-2.942755
53.559909,-3.054703
53.471327,-2.969325
53.468216,-2.979433
53.263907,-3.215784
53.257032,-3.197882
53.336587,-3.353342
53.188270,-3.053782
53.177557,-2.994601
53.060283,-3.007364
53.174640,-3.144885
53.194382,-3.210306
53.103805,-3.309086
53.076446,-3.195672
52.953039,-2.812228
52.861058,-2.814671
53.004121,-2.837642
52.906250,-2.890544
52.991746,-2.943542
54.271900,-2.357780
54.277687,-2.454046
54.193072,-2.397667
54.311616,-2.541272
54.200264,-2.594377
54.253979,-2.703748
54.326702,-2.746673
54.214838,-2.339575
54.329230,-2.312516
54.304314,-2.199591
54.126421,-2.769622
54.051156,-2.821497
54.067320,-2.021203
53.894934,-2.775225
53.848349,-2.881289
53.927347,-2.901902
53.643391,-3.001455
53.746555,-2.983469
53.860031,-1.922745
53.799656,-1.760871
53.930085,-1.831831
53.817246,-1.833571
54.086712,-1.762375
54.040373,-1.930276
54.448638,-0.760759
54.579733,-1.411883
54.711070,-1.447454
54.616103,-1.580114
54.659285,-1.672650
54.693860,-1.577816
54.376370,-1.826781
54.501495,-1.869658
54.381577,-1.929499
54.838877,-1.359955
54.758939,-1.335388
54.845898,-1.471087
54.787083,-1.653658
54.886606,-1.559026
54.873335,-1.706152
54.777345,-1.578491
54.688205,-1.782458
54.544883,-1.923087
54.622773,-1.766578
54.543631,-1.776101
54.706519,-1.730901
54.302410,-1.826659
54.227267,-1.928564
54.315265,-2.079407
54.165328,-2.079487
54.516816,-2.008634
54.379355,-2.075159
54.417897,-1.993496
53.193670,-2.886891
53.085316,-2.878365
53.056373,-2.806875
53.115288,-2.783941
52.869005,-3.043312
52.993044,-3.061468
53.271718,-3.456336
53.302529,-3.531183
52.974508,-3.269825
52.886216,-3.254787
52.966483,-3.167456
52.983425,-3.321015
54.365376,-2.468356
54.425048,-2.418596
54.439996,-2.592070
54.523331,-2.587845
54.527287,-2.675175
54.360292,-2.914550
54.184797,-2.822939
54.335527,-2.824029
54.195340,-2.930120
54.220407,-2.772437
54.484794,-2.339611
54.376421,-2.140334
53.884433,-3.008926
53.802519,-3.038772
53.793559,-2.964528
52.780306,-3.078674
52.718315,-2.979058
54.656580,-2.751707
54.624662,-2.614152
54.555669,-2.741154
54.579735,-2.492499
54.539719,-2.420506
54.185754,-3.097925
54.322147,-3.019074
54.253746,-3.049888
54.356616,-3.085691
54.416680,-2.962378
54.441610,-3.042273
54.635793,-2.138950
54.685346,-1.215201
54.564124,-1.222100
54.568396,-1.312129
54.968045,-1.605641
54.971559,-1.714021
54.960659,-1.831535
55.043510,-1.880898
54.731305,-1.882548
54.858241,-1.831894
54.744636,-1.808675
54.903560,-1.390464
54.980608,-1.445666
54.603805,-2.029678
53.298207,-3.733759
53.284569,-3.659539
53.108280,-3.406032
53.222442,-3.525032
53.191093,-3.407628
53.127169,-3.549933
53.028549,-3.497424
52.988196,-3.464653
52.958616,-3.403106
52.915974,-3.501077
53.026499,-3.561038
54.556652,-2.944261
54.659884,-2.829937
54.620188,-2.917316
55.265901,-1.783381
55.102136,-1.794429
55.260597,-1.896756
55.160789,-1.904782
54.741841,-1.996294
54.846898,-2.060651
54.768950,-2.090320
54.859390,-1.968516
55.233723,-2.102539
55.310437,-1.929274
55.413680,-1.876302
55.318954,-2.051721
55.363228,-2.021002
55.343649,-2.116417
54.788536,-2.343560
54.752076,-2.189542
54.975088,-2.104799
55.027260,-1.961043
54.974988,-2.014801
54.917511,-2.051991
53.469761,0.035498
53.558511,-0.064155
53.304967,-3.825461
53.253850,-3.977598
53.259015,-3.859154
53.221772,-3.739268
53.139120,-3.680923
53.194384,-3.685211
53.205047,-3.606930
52.907372,-3.602056
53.043187,-3.653932
54.631093,-3.031791
54.600424,-3.142013
53.432169,0.166830
53.054624,-3.886962
53.124369,-3.796917
53.053867,-4.136252
53.185590,-4.182255
53.187069,-4.070774
53.138078,-4.137160
53.230338,-4.132184
54.668691,-3.367408
54.577247,-3.331727
54.679579,-3.195577
54.643506,-3.302948
54.616151,-3.432856
54.640027,-3.543911
54.710914,-3.485761
54.884290,-3.233870
54.827467,-3.286527
54.763285,-3.332009
54.722248,-3.166371
54.741263,-3.271070
54.750522,-3.054346
54.774448,-2.993801
54.819946,-3.162885
54.861217,-3.048039
54.876269,-3.133925
55.179295,-2.322562
55.126659,-2.143452
55.144768,-2.255942
55.265705,-2.245933
55.087609,-2.219239
55.233180,-2.181722
55.597397,-1.826041
55.469317,-1.832674
55.549146,-1.913121
55.574663,-1.748235
54.805671,-2.434474
54.880444,-2.502541
55.021606,-2.145044
54.907825,-2.342112
55.079281,-2.326455
54.908265,-2.263164
54.972597,-2.246381
55.176983,-2.437635
55.575708,-1.651925
55.501926,-1.631060
55.670703,-1.801006
55.598515,-2.104428
55.554847,-2.012727
54.975979,-2.347410
54.968752,-2.459616
55.040333,-2.753881
54.985415,-2.550812
54.929568,-2.656115
54.730148,-2.600153
54.826470,-2.674874
54.744495,-2.694785
54.979510,-2.872504
55.079635,-2.881622
54.916680,-2.775261
55.408102,-1.705429
55.341395,-1.597976
55.301597,-1.719595
55.696180,-1.948242
55.650896,-1.977396
55.767490,-2.007598
55.651707,-2.254993
55.802096,-2.206444
55.690368,-2.335651
55.729709,-2.140074
54.876223,-2.852254
54.891187,-2.930861
54.753315,-2.827840
54.806725,-2.768092
55.100988,-2.754442
55.179573,-2.813753
55.099525,-1.650302
55.167655,-1.692483
55.241627,-1.616729
55.137495,-1.552576
55.887394,-2.158834
55.882240,-2.306440
55.777732,-2.345057
55.706984,-2.462298
54.922634,-3.026632
55.233849,-2.580279
55.866256,-2.093458
55.959634,-2.462239
56.000357,-2.525103
55.931679,-2.361137
54.944964,-3.190399
55.400836,-2.655897
55.314072,-2.361690
56.047095,-2.705410
55.959577,-2.607881
55.902347,-2.751095
54.789232,-3.418357
54.867960,-3.381117
54.567497,-0.972312
54.611391,-1.063389
54.534849,-1.054408
55.832430,-2.888394
55.948849,-2.957999
55.954419,-2.776075
56.031462,-2.832146
54.542466,-3.582403
55.913986,-3.090359
55.867524,-2.967520
55.692179,-2.865469
54.414027,-3.460312
54.505477,-3.521651
54.540332,-0.777212
54.557571,-0.898688
55.461698,-2.681375
55.481107,-2.552026
55.637651,-2.678155
55.599341,-2.745945
55.573279,-2.654748
55.540486,-2.750049
55.547193,-2.842524
55.615701,-2.804194
55.541964,-2.909295
55.554947,-2.470933
55.602800,-2.435817
55.720718,-2.753047
55.679468,-2.562102
55.504410,-2.985387
55.622910,-3.048724
54.323486,-3.385546
54.392377,-3.291167
54.353536,-3.193198
54.208103,-3.277662
54.263509,-3.204465
54.076820,-3.182445
54.124192,-3.217935
52.979016,-3.944262
52.923136,-4.138156
52.929775,-4.066500
53.324386,-4.239378
53.411021,-4.347109
53.330329,-4.375355
53.252203,-4.316312
53.375866,-4.392564
53.107337,-4.218721
53.192733,-4.386557
53.138047,-4.273789
53.061224,-4.282918
53.405918,-4.452158
53.373067,-4.551079
53.278337,-4.542386
53.191985,-4.464722
53.229036,-4.519154
53.021375,-4.366943
52.913247,-4.333508
52.927878,-4.239892
53.307048,-4.632434
52.993966,-4.430817
52.887972,-4.425460
52.933704,-4.551551
52.871839,-4.618689
52.842351,-4.498290
50.128773,-5.604908
50.124037,-5.456351
50.118324,-5.533158
50.193415,-5.440621
50.188250,-5.580978
50.236939,-5.243656
50.100956,-5.293928
50.137074,-5.674895
50.416082,-5.067901
50.332794,-5.031409
50.355122,-5.129155
50.105728,-5.167582
50.173464,-5.201772
50.159303,-5.080269
50.258966,-5.058878
50.204690,-5.106875
50.021408,-5.224043
50.362400,-4.882489
50.296583,-4.926439
50.400968,-4.818766
50.417042,-4.939970
50.272593,-4.991703
50.220989,-4.934418
50.180271,-4.999720
50.051012,-5.090600
50.533022,-4.941210
50.533022,-4.817873
50.631621,-4.729398
50.467465,-4.720137
50.550357,-4.703639
50.354346,-4.689029
50.318893,-4.786213
50.686806,-4.691714
50.718666,-4.629840
50.338481,-4.520869
50.355430,-4.453671
50.398915,-4.485399
51.768272,-4.465623
51.746232,-4.558403
51.824101,-4.500409
51.835686,-4.434088
52.126617,-4.525903
52.152339,-4.428020
52.544508,-4.047727
52.612755,-4.041605
52.581537,-4.092322
51.935921,-4.558330
51.996682,-4.512860
52.037696,-4.467251
52.041714,-4.557236
50.376694,-4.376145
50.411146,-4.288604
50.381069,-4.051366
50.378133,-4.145873
50.074572,-5.696891
50.062354,-5.632119
51.814168,-4.614182
51.794063,-4.753305
51.920518,-4.794613
51.909195,-4.646277
51.863114,-4.730099
51.833879,-4.686492
51.919764,-4.699031
51.975579,-4.645631
52.079532,-4.656700
51.691574,-4.703469
51.683785,-4.802380
49.965848,-6.301631
49.911256,-6.317962
51.969463,-4.868305
51.992209,-4.978462
52.009554,-4.900981
52.018550,-4.819200
51.797399,-4.972966
51.852532,-4.879201
51.902948,-4.965986
51.922706,-4.892767
51.676490,-4.873150
51.690380,-4.933910
51.638788,-4.924026
51.941638,-5.129254
51.874552,-5.189799
51.885491,-5.032749
51.777670,-5.105282
51.855293,-5.110368
52.691860,-3.494900
53.636129,0.122990
57.148186,-2.106431
57.048441,-2.133505
57.096749,-2.265168
56.963962,-2.208605
57.170870,-2.174343
57.157845,-2.298197
56.828119,-2.285814
57.052115,-2.503592
57.286575,-2.384174
57.127416,-2.684841
57.335243,-2.319810
57.235177,-2.703040
57.241291,-2.893203
57.133043,-2.851331
57.072203,-2.839967
57.045354,-3.044941
57.058351,-3.118051
57.691625,-2.006316
57.587163,-2.093601
57.547619,-2.022578
57.505279,-2.045797
57.365713,-2.079087
57.510706,-2.188807
57.595278,-2.198931
57.665624,-2.520018
57.537891,-2.460792
57.508307,-1.792759
57.675708,-1.929171
57.448018,-2.783800
57.340888,-2.612305
56.774476,-2.417187
56.828432,-2.472368
56.713042,-2.465119
56.628735,-2.769078
56.645484,-2.886363
56.733229,-2.656366
56.637258,-2.664063
56.806737,-2.653564
56.499131,-2.726066
56.559567,-2.586902
56.469885,-2.868009
56.466282,-2.976860
56.411264,-3.000867
56.457507,-3.120552
56.558723,-3.143386
56.663961,-3.005964
56.585143,-3.338521
56.621076,-3.223912
56.547831,-3.264568
56.448394,-3.349209
56.315376,-3.013101
56.201201,-2.837535
56.338439,-2.801272
56.268094,-2.850240
56.380138,-2.904009
56.396427,-3.436025
56.501397,-3.515878
56.422439,-3.494016
56.218069,-2.715989
56.270816,-2.626523
56.346928,-3.235179
56.374120,-3.303431
56.276202,-3.235667
56.254478,-3.334210
56.258922,-3.168908
56.190955,-3.015171
56.115600,-3.157215
56.046829,-3.325026
56.060431,-3.231799
56.121676,-3.336461
56.191812,-3.173352
56.155882,-3.261232
56.059390,-3.520327
56.184871,-3.555466
56.056016,-3.442140
55.951683,-3.195434
55.934212,-3.264440
55.834730,-3.220085
55.987360,-3.537905
55.943007,-3.376433
55.867279,-3.561108
55.904476,-3.501615
56.312336,-3.586930
56.296936,-3.705513
56.185770,-3.610141
56.079786,-3.578780
56.074501,-3.728815
56.162151,-3.681312
55.751480,-3.366345
55.652100,-3.191046
56.005553,-3.777153
55.876734,-3.660294
55.950275,-3.751785
55.995821,-3.604900
55.759973,-3.685442
55.697430,-3.641531
55.673646,-3.777618
56.128955,-3.783510
56.011101,-3.903124
55.884740,-3.899365
55.946876,-3.844388
55.495312,-3.774705
55.493129,-3.693488
55.611792,-3.613208
55.557270,-3.846998
55.594855,-3.785608
55.626896,-3.894287
55.780428,-3.951169
55.822389,-3.790957
55.731474,-3.847620
55.827252,-3.884964
55.620029,-3.520017
55.683963,-4.068547
55.817137,-4.023829
55.763825,-4.177182
55.951296,-4.006615
55.939248,-4.163201
55.839950,-4.188498
55.874928,-4.120188
55.522828,-4.067041
55.910822,-4.326277
55.859438,-4.258577
56.077015,-4.989184
56.172198,-4.903012
56.063544,-4.820806
56.073425,-4.638633
56.167554,-5.067611
55.895916,-4.955570
55.955373,-4.925399
55.871949,-4.881703
55.793340,-4.866684
55.687795,-4.858943
55.752785,-4.930629
55.936064,-4.689700
56.006462,-4.735043
55.949615,-4.771664
55.895500,-4.631996
55.861881,-4.413607
55.915259,-4.466259
55.967188,-4.574082
55.838700,-4.511682
55.744879,-4.534291
55.681793,-4.513599
55.661448,-4.444002
55.605043,-4.497232
55.472996,-4.512427
55.497352,-4.335241
55.609159,-4.222784
55.603281,-4.355294
55.311293,-4.551416
55.323209,-4.396289
55.103439,-4.771474
55.406473,-4.758820
55.277780,-4.725907
55.335308,-4.627036
55.352674,-4.684280
55.431357,-4.666139
55.241458,-4.854988
55.597519,-4.606694
55.637544,-4.772585
55.542575,-4.655883
55.471215,-4.624076
55.623308,-4.670033
55.319414,-4.811361
55.709343,-4.718739
55.760841,-4.643384
55.841327,-5.058458
55.427838,-5.609560
55.313758,-5.644908
55.423094,-5.724172
56.415058,-5.472705
56.210280,-5.556257
56.014855,-5.447923
56.025852,-5.623333
56.201330,-4.744918
56.620741,-6.069821
56.239456,-3.876947
56.370740,-3.837290
56.260018,-3.783149
57.082317,-7.308312
58.208900,-6.388229
57.471325,-7.371637
57.565330,-7.384525
57.899477,-6.795713
58.489238,-6.242496
55.384714,-4.182580
57.736500,-4.333866
58.056551,-5.417909
58.593200,-3.518101
56.828841,-5.109613
57.813754,-4.051897
57.740565,-4.072362
57.688660,-4.169178
57.571240,-4.038528
57.582961,-4.129129
57.603718,-4.335540
57.292486,-5.642450
57.514986,-4.455235
57.595340,-4.427816
57.591193,-4.542534
57.887657,-7.113332
57.970406,-3.986975
57.878808,-4.025802
57.143806,-4.681651
57.476908,-4.224053
57.899970,-5.159749
57.724179,-5.688600
57.005099,-5.829492
57.528923,-5.528215
57.174873,-3.805071
57.619793,-3.603173
57.703099,-3.415336
57.701892,-3.493619
57.647397,-3.313020
57.527349,-3.207335
57.717897,-3.296234
57.414612,-3.205835
57.470561,-3.227287
57.446011,-3.128334
57.676876,-2.964188
57.614681,-3.100420
57.689878,-2.815603
57.543410,-2.948184
55.488067,-5.100834
55.577233,-5.151807
55.536625,-5.124078
55.578082,-5.346175
55.504045,-5.338191
58.984029,-2.964318
59.008109,-3.121230
59.162003,-2.767450
58.964650,-3.297049
56.620100,-3.866235
56.765532,-3.839465
56.565758,-3.585331
56.707684,-3.734873
56.389126,-4.140402
56.375114,-3.986204
56.708379,-4.019650
56.586901,-3.986001
55.424370,-2.786634
51.881930,-5.264097
51.716119,-5.164910
51.714002,-5.042421
51.556456,-4.214235
52.744519,-3.886973
52.858783,-3.674775
52.721354,-4.053775
52.769204,-4.097338
52.858520,-4.111222
