51.978217,1.040412
52.047134,1.084623
52.080338,1.000880
52.109530,0.805375
52.067560,0.927130
52.045815,0.734818
51.971121,0.773744
52.008559,0.866698
51.943593,0.628649
52.087798,0.658758
52.002286,0.580257
51.804632,0.627962
51.770447,0.707278
51.878875,0.555945
51.927641,0.691441
51.853817,0.693756
52.145253,0.719873
51.965618,1.256282
51.986718,1.152376
52.054898,0.462524
51.961543,0.463468
51.581530,0.478224
51.631920,0.399615
51.536484,0.585063
51.622825,0.306528
52.134699,-0.469582
52.168097,-0.325617
52.160736,-0.422869
52.257328,-0.406212
52.272655,-0.494192
52.060019,-0.348397
51.955991,-0.427948
52.009815,-0.447928
51.977721,-0.369173
52.103905,-0.513483
52.004422,-0.510516
51.947829,-0.638168
52.073927,-0.628768
52.201015,-0.575948
52.124064,-0.219429
51.833813,-0.516580
51.905295,-0.528745
52.087589,-0.271085
52.018055,-0.248970
52.481099,1.014651
52.723691,1.095594
52.719175,1.072528
52.712177,1.036780
52.683811,0.946071
52.663414,0.775104
52.534754,0.934714
52.569500,0.837399
52.628441,0.851432
52.722725,0.792990
52.800252,0.846919
52.766699,0.747148
52.703011,0.869865
52.686682,1.232249
52.724295,1.280070
52.789195,1.249949
52.688619,0.582819
52.645828,0.689481
52.587629,0.590774
52.577482,0.709210
52.487636,0.856600
52.416166,0.748988
52.445312,0.927036
52.644649,1.337409
52.468308,0.609534
52.696095,1.387535
52.637622,1.460963
52.621366,1.546263
51.722646,-0.032925
51.840050,-0.275105
52.204484,0.128609
