51.993113,-0.001810
52.003468,-0.006531
55.000048,-3.002725
57.004165,-6.005507
51.993152,-6.002948
57.000470,-5.994085
52.001949,-0.004660
55.004684,-3.001529
55.003231,-2.995676
52.002024,-5.996621
52.004235,0.005038
57.002132,-5.996660
52.000857,-5.996958
56.993949,0.001023
54.995129,-2.994745
56.987347,-0.003300
54.999534,-3.002830
57.005605,-6.003350
55.000535,-2.999180
54.998191,-2.989455
52.004744,-0.002338
56.999574,-5.996905
51.989379,0.001481
56.998829,0.003114
52.006156,-6.006122
57.007493,-5.999441
56.995807,-6.005438
51.990062,-0.007811
51.995216,0.007006
56.997487,0.006390
57.012131,-5.995932
57.004450,0.003178
51.996994,-0.001272
56.996506,-6.000536
51.997628,-6.000642
54.996540,-3.002219
54.991563,-3.002323
52.001024,0.009782
51.997526,-5.998044
54.998486,-3.001865
52.001661,-6.002824
57.004456,-0.001533
57.003114,-0.000138
56.997419,0.004352
51.995645,-6.002991
52.005262,-5.996914
51.999344,-6.002451
52.005108,-5.995872
57.000871,-6.001169
51.995506,-5.997026
57.006346,-0.006702
51.996268,-6.001499
55.003869,-3.001129
51.998951,-5.997926
54.999091,-2.998141
51.998314,-6.002174
56.994824,-5.994278
52.006260,-6.006341
57.003594,-6.002770
51.996129,0.000391
57.008435,-0.002449
51.995935,0.002719
57.001718,-6.004189
51.998208,-6.013772
52.002699,-0.004685
52.004591,0.005447
57.008239,-0.000064
56.995905,-6.010718
55.001187,-3.012728
55.000510,-2.994131
57.002197,0.001140
56.997732,-6.003061
51.999915,0.004186
57.007690,-6.003340
51.999020,-0.002722
57.008560,-5.995355
57.000774,-0.003496
51.994466,-5.998288
57.006689,0.002622
52.006485,-0.004590
57.000913,-6.004553
51.992752,0.005877
52.010544,-0.005308
52.005166,-5.998066
54.995907,-2.996849
54.998252,-3.004172
55.001050,-2.994255
51.998173,-5.993512
51.998441,0.006364
52.003898,-6.011304
57.012124,-5.999140
55.000439,-3.002952
55.000393,-2.998280
54.999233,-2.998234
52.002842,0.005687
57.003696,0.005352
52.000350,-0.004830
54.993868,-3.000317
52.005922,-5.998936
56.995805,-0.001224
54.992613,-3.003871
52.007768,0.000987
51.994702,-6.001677
52.005580,-5.998933
52.006745,0.000378
52.000054,-5.994542
55.002058,-2.996931
54.998671,-3.000169
57.012940,-6.004242
51.993213,0.013016
52.006376,-0.001034
55.000449,-3.003144
56.997383,0.002702
51.997421,0.000609
54.994005,-2.998369
56.992386,-6.003713
54.996795,-3.000961
51.999171,0.002348
52.001958,-5.998835
52.000568,0.008421
57.002682,0.000877
56.994085,-6.002071
57.010635,-5.998840
55.002202,-3.000720
56.997473,-0.002227
57.004441,0.000875
55.004259,-3.004993
51.994387,-5.997174
56.998912,-6.002258
56.998036,-6.002934
56.996030,0.001097
51.996138,-5.988794
52.001411,-5.999859
56.998553,0.001513
54.997545,-2.995036
57.012908,0.003008
57.010249,-0.007512
52.008903,-5.991456
52.004744,0.001254
51.999270,-0.005797
55.001290,-3.002411
56.995327,-6.004673
57.003153,-5.995432
57.001744,-0.003121
55.001150,-3.010076
56.997218,0.004379
55.007831,-2.999883
52.002719,-0.000957
51.989549,-0.002231
51.998060,0.004390
52.001783,-6.003329
56.994447,0.006943
57.002337,-6.003930
56.997524,-6.003392
55.003838,-3.002072
51.996617,-6.000349
56.995895,-6.002917
57.005067,0.005018
51.994913,-0.004658
56.995969,-0.003898
51.996210,-6.006980
57.006924,-0.015239
54.999978,-3.000956
55.007078,-3.004445
52.001212,-6.002188
56.995946,-5.998934
55.002064,-3.002018
51.994037,-6.001555
57.000832,-0.005985
51.995414,-5.997247
52.007690,0.005865
52.000735,-5.999292
51.994781,0.001376
56.998808,-6.002582
51.998044,0.013122
55.004585,-3.009677
55.008907,-3.003483
52.006262,0.006508
54.989431,-2.993955
57.000650,-6.004415
52.004755,-5.994061
57.001059,-5.995542
57.008682,-5.998327
57.002381,-0.002848
57.003595,-6.001878
57.002200,-0.003339
57.001514,-6.001199
56.993620,-0.005005
51.998474,0.001847
56.999463,-0.001687
54.998222,-2.997713
57.001951,0.001059
52.007162,-0.000259
55.000030,-3.000480
57.002411,-5.999108
51.996634,-5.996135
56.993390,-5.996082
57.000622,-6.003398
57.002733,0.000931
55.002291,-2.989867
51.994802,-6.004654
56.998852,-5.999950
51.993744,-6.011337
56.992189,-5.998747
52.001441,0.000391
56.997053,-6.006428
55.005324,-2.999769
51.994486,-6.000466
56.996838,-6.008256
56.998429,-0.002276
57.006485,-6.000057
55.004077,-2.993751
51.993612,0.001791
57.002533,0.003925
51.997265,-0.006521
56.988965,-0.002921
55.003093,-3.005107
56.996382,-0.003592
54.999472,-3.002674
55.001906,-2.993713
52.003470,-6.005222
56.998513,-0.006328
55.009134,-2.998329
57.006384,-5.986243
52.005633,-6.002305
56.996210,-6.004838
51.996417,-0.006173
52.000128,-0.000851
52.000252,0.008036
56.992955,-5.999252
55.011710,-3.000588
52.002050,-6.009252
55.005788,-3.005543
52.001931,-0.005950
51.997888,-6.012458
57.004484,-0.002446
54.992086,-2.998343
54.996454,-2.998108
57.002574,0.004720
52.004321,-5.993451
56.998170,0.007841
52.014945,-0.002309
52.002094,-0.002578
57.000245,-0.003024
56.997425,-0.005007
57.003296,-5.997321
57.003986,0.004079
57.003181,0.006865
57.001146,-5.995529
52.005930,0.002037
51.999296,-5.990152
52.007510,-6.001893
57.001456,0.004662
54.996336,-3.001337
52.003043,-6.008252
51.990492,0.005783
54.995593,-3.003114
57.004809,0.007125
56.991337,-6.001572
54.998797,-3.005291
55.001834,-2.996376
52.007189,0.003874
56.995779,-5.998369
52.009739,-5.997012
51.993595,0.002346
57.005444,-6.002752
56.989555,-5.997371
56.989053,-6.006406
51.997873,-6.004697
52.000217,0.004181
51.995148,0.000703
55.005219,-3.003399
57.000270,-0.002559
54.999313,-2.997593
55.001064,-3.004919
56.998991,-5.999491
54.999861,-2.990642
56.998592,-6.000439
51.999049,-5.998854
51.990559,-5.994108
54.999264,-3.004753
54.997285,-2.989402
54.998937,-3.014256
57.000804,-0.002943
56.994989,-6.002170
56.998411,0.000805
51.997146,-6.002015
56.995572,-6.000740
57.002345,-6.000066
52.006995,-0.004428
51.989706,-5.989290
51.994724,-6.004190
52.002504,-5.989348
55.004651,-2.991164
51.999872,-6.003682
56.994600,0.001430
57.002488,-6.005396
52.001635,-6.000131
56.999466,-0.003924
54.995847,-3.003686
57.001186,-0.005258
57.002318,-0.004489
57.005002,-0.005639
54.997171,-2.995528
51.999329,-0.008330
54.997542,-3.001955
51.995909,0.005546
56.997572,0.000702
56.992325,-6.001743
57.007125,-0.004365
54.997298,-3.000923
56.989910,-6.003918
54.998086,-2.998237
52.002702,-5.994964
57.005345,-0.005041
52.001530,-0.005469
56.996527,-0.003748
52.005934,-5.987916
51.999689,0.000787
55.003806,-2.996892
54.994947,-2.996130
56.995239,-0.000573
56.998283,-6.004998
51.997135,-6.002499
57.005983,-0.005013
51.998955,-5.992473
52.008396,-0.001988
56.995099,0.007242
55.000544,-3.003203
56.994181,-5.998296
54.993242,-3.000511
56.999368,0.006213
56.999178,-5.998196
55.004717,-3.001966
52.003287,-5.998239
54.989081,-2.997921
51.998763,-0.006474
51.999736,-5.990977
51.998992,0.000189
55.004683,-3.000344
56.996411,-5.988450
57.009771,0.001856
51.995875,-0.003792
55.000890,-3.000830
51.999566,0.001035
51.996179,0.003096
52.002905,0.008659
57.005978,-5.999050
57.004882,-0.008026
56.997876,-6.001843
54.998176,-2.999184
51.993898,-5.997719
54.995604,-3.002536
55.000103,-3.004237
51.994470,-6.001175
57.001778,-6.005263
55.004096,-2.993571
57.002497,-5.999514
52.002012,-0.001271
52.005300,-5.997765
52.001401,-6.002260
52.003389,-0.000048
56.991152,-5.996908
57.000824,-5.996761
56.995710,-6.005421
52.001949,-6.001631
56.998647,-0.003468
56.995596,-0.001525
56.993769,-0.006118
52.002214,-5.993748
51.994765,-6.007388
52.005006,-5.995986
54.991236,-2.995271
56.999369,-6.008668
57.000736,-5.994517
57.002141,-6.005356
54.993969,-2.998968
51.993673,-0.004649
51.999959,-6.003059
51.993331,-6.001012
51.996346,-0.002823
57.005134,0.003270
51.995915,-6.002581
55.004683,-2.997585
57.002863,0.010063
57.001427,-6.004388
55.004793,-3.002422
57.000747,0.003727
55.003088,-3.005576
52.001735,-0.000517
52.000360,0.001065
52.000972,0.001089
56.999231,0.000494
52.004368,0.004575
51.996217,-0.006337
51.995275,-0.003998
52.003584,-5.998609
57.006449,-0.004995
56.992394,0.001069
55.004105,-3.002101
57.002183,-0.003791
55.002056,-3.004721
55.003211,-2.995765
55.006430,-2.991187
51.998677,0.002090
51.997515,0.005861
52.003039,0.005911
54.988373,-2.992167
57.010416,-6.007663
52.010287,-6.006186
51.999463,-6.004768
56.999544,-0.004267
56.996325,-6.003538
55.000652,-3.003130
51.994954,-5.990933
57.005674,-5.992960
52.007075,-0.001115
57.004419,-6.000129
52.013272,-6.003501
55.001923,-3.002938
51.995914,-0.001102
57.000148,0.000674
56.990117,-0.007458
57.004193,-6.007619
57.001628,-5.995216
55.000107,-3.006650
54.993416,-3.001871
55.004233,-3.007592
52.000407,-5.995356
56.997570,-6.000752
54.996831,-2.993782
51.991299,0.000264
57.003402,-5.998513
56.997996,0.007768
52.006306,-6.005163
56.996234,-6.004962
51.995379,0.004470
52.001512,-5.995516
54.997729,-3.010545
57.000599,-5.998524
56.998365,0.003547
57.002527,-5.999469
56.998984,-6.003149
57.003982,-5.999469
52.000125,-0.001283
54.994616,-2.995738
57.005188,-5.992082
54.999985,-2.996703
52.001694,0.009355
55.012355,-2.996131
52.000584,-5.998515
56.995757,-6.001778
51.996118,0.002191
54.992154,-3.001233
56.995186,-0.001599
56.986666,0.011600
51.996143,-0.009147
55.007156,-2.992656
52.000177,-6.012523
55.002057,-3.010489
51.996050,-5.992155
55.001023,-3.005141
54.995562,-2.997554
51.993887,-6.000405
57.006423,-5.998332
52.009381,-5.998470
52.005328,-0.013487
52.005135,-5.995410
57.005746,-5.996075
57.006048,-0.003781
57.001255,-6.008242
57.005638,0.001796
51.999147,-5.999917
56.995214,0.003986
51.993429,-0.005249
57.000381,-6.007636
57.002053,0.001931
57.004787,-0.001144
52.003495,-0.000488
52.000794,-0.001187
51.990513,-6.004515
56.998089,-6.001675
56.994502,-0.001625
57.001304,-6.004472
54.998436,-3.002222
52.009193,-6.009263
57.000908,-0.005102
51.995913,-5.998165
57.005852,-5.997767
51.995444,-5.994321
57.000736,-0.009463
56.998846,-6.004964
52.000463,-6.002756
55.000285,-3.006007
56.992433,0.005650
51.999116,0.006958
57.002160,-6.006401
56.998840,0.003779
57.002969,-0.000592
54.995871,-3.001010
51.996701,-6.002072
56.992069,-6.020458
56.995941,-5.999043
56.998760,-0.008976
55.008789,-3.004425
56.988496,-6.005105
55.003165,-2.993114
56.997954,0.000075
56.998126,-5.997734
57.011707,-0.002113
52.004154,-0.003241
52.002685,-5.996518
56.997025,-0.002576
56.992471,-6.001537
52.004179,-6.008106
57.002742,-6.001629
57.008422,-6.003210
56.998072,-5.994611
51.995577,-6.000507
56.994268,-0.002436
51.993717,0.006645
57.002363,-0.001690
51.998182,0.003386
51.988216,0.000039
56.990761,-6.004829
54.996534,-3.000930
51.998836,0.003529
56.995154,-5.989435
51.998728,-0.006501
54.999191,-2.994591
56.998871,-0.003542
51.996194,-0.008060
52.002361,-6.001763
52.004906,-0.000678
56.999520,0.000829
56.999002,0.005091
55.000966,-2.996912
51.998140,-0.007965
51.999439,-0.006061
51.996311,0.001224
55.007349,-3.000249
51.993030,-0.001123
51.993448,-0.010862
51.996556,0.009526
52.005393,-0.009613
52.004072,-6.003886
51.990822,-0.007919
51.995867,-5.995575
51.997288,-0.000603
55.002193,-3.001644
52.005003,-6.000422
52.000869,-0.003861
51.997872,-5.991126
51.998066,-0.009131
55.000930,-2.997472
57.001451,0.000826
55.002674,-3.005201
57.000618,0.004758
56.999669,-5.997382
55.004476,-3.000127
56.993049,0.007919
56.999182,-6.001932
51.995284,-0.008322
56.999592,-5.990234
51.996422,-5.999040
56.995713,-0.006757
52.001243,-6.006186
55.002299,-3.002262
57.006814,0.006242
55.001606,-2.994204
55.007280,-2.991105
54.999138,-2.999489
51.998131,-6.009004
56.991404,0.000584
51.996700,0.003513
56.999959,-0.002502
51.997072,-0.010782
55.001711,-2.994895
56.994691,-6.005596
52.001832,-6.009539
51.992760,-5.998533
51.994289,-6.002406
54.999005,-3.002836
54.999391,-3.003881
51.994894,-5.999906
57.006055,0.002418
51.996192,-5.998740
52.005020,0.005859
57.000614,-5.991531
57.006485,0.004433
52.004218,0.001214
57.005619,0.001179
56.997859,-0.000640
57.001782,-0.001067
51.992592,-6.004196
51.991151,-5.996076
52.007863,-5.988899
56.998426,0.000771
54.998377,-3.005045
56.999588,-0.001390
51.995665,0.000779
51.993345,-0.005963
54.995358,-2.997211
52.003258,0.007562
57.001371,-0.002528
51.995742,0.003069
55.003906,-2.991455
51.991759,-5.998134
56.999276,-6.007402
55.005710,-3.000901
56.996960,0.009160
51.997502,-5.995444
52.004541,-6.011815
51.998813,-0.000342
54.998073,-2.994265
52.000245,-5.997573
54.996385,-3.000494
56.992338,-6.002713
56.998816,-0.007293
56.996838,-5.994818
51.995029,0.004113
57.001564,-6.005440
52.001480,-0.002538
51.997931,-5.991966
57.006404,0.002649
56.997093,0.001717
51.995095,-5.997997
51.998514,0.006673
57.005312,0.001007
54.993554,-3.002514
57.005538,-6.002334
56.999614,-0.004323
51.998363,-6.004643
57.010261,-5.998823
52.006423,-6.008831
56.999910,-6.012207
54.998562,-3.010232
57.002124,0.002940
52.003047,0.001293
55.008141,-2.996505
51.993229,-0.002639
57.001735,-6.010037
57.007195,-5.999182
57.002276,-5.997939
57.001066,-0.001710
52.001330,-6.001306
57.000521,-5.993064
55.005758,-2.998613
57.005523,-0.004087
56.999303,0.000544
52.003700,-0.002515
54.988020,-2.997700
56.998719,0.002815
55.001876,-3.007227
54.993540,-3.008077
51.983690,-0.002939
51.997712,0.007535
51.994562,-6.003318
56.994827,0.002874
54.992003,-3.004866
52.002942,-0.004058
51.996710,-0.002550
51.997001,-6.003311
52.002997,0.005015
54.993609,-3.004746
55.006062,-2.994657
52.005024,0.002492
51.995777,-0.005267
57.005070,0.000386
55.007943,-3.005777
56.994867,-0.009684
52.004190,-6.007270
51.993315,-5.995794
51.995187,-5.996812
52.013849,-6.000753
51.995834,0.002008
55.001903,-3.004985
57.003181,-6.006372
56.997030,-5.995441
56.995153,-5.997257
56.998875,-6.003584
56.990892,-0.000101
57.003161,-5.997589
51.997652,-0.006100
57.006891,-6.003191
54.997132,-3.001890
51.993766,-6.006540
57.001031,0.010629
56.998226,-6.006153
51.995682,-6.004601
56.998971,0.001683
55.001666,-2.994979
54.997971,-3.007390
52.003748,0.001184
52.002011,-5.990472
51.991481,-6.001719
51.998866,-6.006602
51.995392,0.006014
56.993934,0.005215
57.001650,-0.000782
51.997620,0.003585
56.991404,0.000497
52.003757,-6.000606
51.993475,-6.005082
56.997244,-5.999155
51.994779,-0.001832
56.997683,0.001867
55.007459,-2.999733
56.998033,-6.006258
55.002516,-2.994247
56.998584,0.007309
54.995526,-3.000620
51.989993,0.003329
56.996508,-6.002440
52.004368,-5.999536
51.994841,-5.999551
57.005192,-0.005351
56.992544,-0.001784
56.986940,-5.992898
57.000070,-0.004563
51.995432,0.000897
52.004469,0.000416
51.999190,0.000575
51.999776,-6.004839
52.006975,-6.001379
56.994238,-0.004447
57.000868,0.006697
55.011941,-2.997440
54.999034,-3.005553
57.002305,0.001491
54.991973,-2.996105
55.005719,-3.002447
55.008274,-2.992301
54.995680,-3.001680
51.996696,0.008729
52.006517,-5.997090
56.982774,-5.999952
51.996152,-5.991614
57.001340,-6.004483
51.992800,-6.005899
56.996438,-6.002248
51.996832,-0.001712
56.993085,-5.993821
51.996182,0.002303
51.994272,-5.995616
51.996479,-5.988553
54.990326,-3.009746
51.995164,0.003765
57.005205,-6.009271
54.995573,-2.993250
52.001244,-6.007028
52.002715,0.000947
52.010258,-5.998914
57.003562,0.006964
52.006263,-6.000782
55.002644,-3.011432
57.002999,0.000932
55.003069,-3.005517
54.997815,-3.004436
52.002763,-6.003800
56.999383,-5.999154
55.004319,-2.998747
56.997225,-0.004776
56.998535,-6.011422
51.996177,-6.007827
57.006153,0.002497
56.996324,0.003341
54.998346,-2.995362
56.995536,-0.007457
52.003208,0.001780
51.995499,-0.001838
54.989600,-2.996227
54.996240,-3.000607
52.004120,-0.003877
56.999503,0.007561
51.994599,-5.995166
55.003818,-2.994940
51.998686,-0.000177
52.007696,-0.010997
52.007238,-0.011520
52.000104,-6.010065
51.991238,-0.000796
52.003013,0.000930
57.001290,0.000486
51.998441,-5.997877
54.999927,-3.003370
55.007883,-3.001277
57.006070,-5.994694
57.003187,-6.002933
57.001966,-5.998922
55.003304,-3.003044
55.000955,-2.998025
57.007290,0.003953
57.000820,-5.996726
57.001777,-0.002982
57.001961,-6.001988
55.000090,-3.000378
52.007194,-0.007707
54.995005,-3.005974
52.001559,-5.995726
55.001709,-2.999373
52.003522,-0.004827
52.002442,-6.007289
52.001480,-6.005323
56.993446,-6.000466
52.001946,-6.001783
51.992351,-5.998918
51.989956,-5.995164
51.990671,-5.997992
57.002634,-0.006103
57.000223,-5.997050
52.002486,-6.005341
56.995074,-6.008399
52.008629,0.000670
56.996804,-0.004257
54.996735,-3.001063
55.000001,-3.001934
57.006692,0.001881
55.002788,-3.002591
51.989262,-6.003195
57.007544,-5.993346
54.996715,-2.994493
52.001741,-5.996479
51.997514,-5.997091
52.005444,-0.007641
51.995412,-0.004424
52.003765,-6.005049
51.999426,-0.001630
52.000458,-6.004516
51.999738,0.004576
54.994618,-2.996575
56.992946,-5.997929
56.992859,-0.001854
57.005038,-0.000021
51.995361,-0.002189
55.001763,-2.997431
52.001334,-6.011193
52.005044,-5.998252
56.998730,0.000606
51.994389,-6.005475
51.999229,-0.003110
52.000699,-0.001729
54.990385,-3.001127
57.000828,-5.998525
51.993638,-5.998750
57.000435,0.000924
52.001646,-0.004282
52.004061,0.001284
57.005225,-5.990464
56.997889,-6.000372
56.997068,-0.000306
56.994213,-5.999324
56.993308,-0.002624
52.002515,-5.996195
52.001511,0.001246
57.001908,-0.002110
51.990096,-5.997957
55.005396,-3.001120
57.002178,-0.000070
52.002234,-5.998484
54.991834,-3.001985
55.000395,-3.001398
51.994842,-5.990297
51.994618,0.007826
56.995571,-5.999610
51.987744,-6.009860
56.999188,-6.004691
52.003450,-0.002298
56.993341,0.000653
56.999639,-5.993327
51.993940,0.001044
54.993788,-2.998347
51.997767,-5.997991
52.000647,-0.003337
51.989036,0.000400
52.004206,-6.015314
54.995914,-2.995102
55.003158,-2.999278
52.004850,-0.000353
57.007262,-0.001409
51.996503,-5.996740
56.989247,-0.005159
51.997125,-6.001599
51.997357,-6.001703
52.000848,-0.001768
55.001164,-3.001055
56.993381,-6.005114
52.004382,-0.000890
55.005597,-2.993860
56.999864,-5.999724
54.994327,-3.005626
51.993376,-6.000320
57.002669,-0.002100
51.999917,-6.002804
57.001847,-0.000291
57.006441,-5.997837
57.001038,-5.996154
56.997856,-5.998105
56.993968,0.000097
56.999857,-6.003907
56.996310,-6.002071
51.999994,-0.000633
54.992325,-3.002201
57.005186,-6.002033
52.002317,-0.002329
51.994048,-0.000694
57.007573,0.001959
51.992258,-0.003445
51.996878,0.007118
57.003166,0.008902
52.004747,-0.000852
51.998427,0.002593
56.998708,0.012632
51.999934,-6.013153
51.999960,0.002056
51.999905,-5.997957
54.999729,-3.001773
56.997651,0.003104
57.009349,-5.995102
55.000650,-2.998547
57.005418,0.003839
57.003923,0.004543
56.993355,-5.998089
55.001695,-2.995735
51.998812,-0.010789
57.003467,-0.000874
51.985844,0.005701
57.003600,-0.006542
56.997980,-6.002196
52.001311,-0.003150
51.999614,-0.005127
55.004753,-3.003838
57.003691,0.004162
57.005252,0.004374
51.999987,-0.005250
55.001824,-2.997721
51.994395,-6.003980
56.999959,0.000659
55.000984,-3.000695
57.007067,-5.996316
52.003141,-5.990358
54.993916,-2.997348
51.999848,0.000013
54.995342,-3.000541
51.991327,-6.002836
56.996645,-6.002882
51.992911,-0.003054
51.999597,0.004087
52.005322,0.007827
55.008407,-2.991803
55.002100,-3.007393
57.002789,-5.999586
56.994731,-5.991935
56.999103,-0.000270
57.000694,0.009656
54.997109,-2.998056
51.998900,-5.995439
57.010436,0.004510
57.004239,-0.007779
56.994052,-5.999368
52.008609,-5.995912
52.001034,0.003999
54.996694,-3.001219
51.998778,-6.001791
56.996131,-0.004874
57.000567,0.011235
56.997211,0.005188
57.001464,0.006986
56.994491,0.002638
57.001713,-6.004352
56.997599,-5.997773
51.988935,-5.993309
55.002123,-2.984813
52.005663,-0.003165
56.996871,-6.007292
57.002970,-5.990650
57.006011,0.003608
55.012431,-2.997575
51.992226,0.003601
51.996681,-0.001320
57.000378,-0.005380
57.003331,-6.007134
56.998848,-0.002358
55.000201,-2.998900
57.002671,-6.001463
55.003831,-3.001693
51.999484,0.002451
57.000542,-6.011579
57.006734,-5.999054
54.994116,-2.999050
52.002194,0.000406
56.994512,0.002800
57.003600,-5.997519
51.990479,-6.008891
51.995948,-6.001165
52.000296,0.009559
51.988672,-0.004112
52.001459,0.006936
57.008696,-6.002431
51.994026,0.005855
54.988755,-3.008469
54.999250,-3.000823
57.003950,0.009902
52.005519,-5.999195
55.004203,-3.006226
57.000275,-0.010651
54.998403,-3.001131
55.000458,-2.999920
55.001220,-2.995665
52.000008,0.002615
57.001777,-6.004361
56.996169,-6.004879
52.000822,-6.000116
56.996857,-5.997089
57.004250,-0.012495
54.996808,-3.000939
57.007161,0.001654
54.997154,-2.993418
52.009533,-5.998583
56.999971,-6.004305
56.994532,0.002623
57.001146,-0.004093
52.001277,-6.008289
57.007731,-5.999561
57.004777,0.005755
57.011020,-0.006145
57.000818,0.006111
54.999860,-3.007099
56.996965,-6.004897
51.994975,-5.998929
57.002321,-0.005985
55.007658,-3.001608
56.997396,-5.997611
56.993249,0.004532
57.003639,-6.000300
54.996468,-3.000872
51.998889,-5.999886
55.000500,-2.999253
57.002672,-6.015344
56.999905,-5.996394
57.009172,-5.999714
57.008039,-0.001917
57.002138,-0.001201
56.996280,-0.000727
52.000976,-5.996629
51.996493,-5.995678
52.000836,-0.006315
54.999805,-3.008751
57.008909,-6.000331
52.003832,-6.002142
51.989852,-5.996431
51.996410,-6.007262
57.000209,0.000730
52.009573,-5.995731
56.999819,-5.999882
56.996886,-6.002702
52.003494,-5.991235
51.996789,-0.000498
55.010442,-2.991723
52.009402,-6.003053
55.006597,-3.002543
51.995183,0.008401
57.002945,-5.995912
52.003075,0.002452
52.006832,-0.004123
55.000156,-2.992483
55.007155,-3.002692
56.997888,-6.001395
54.997392,-3.002465
56.998400,-6.005616
51.997080,-5.997389
57.007593,-0.002916
51.993245,0.003612
57.005498,0.004861
56.996915,-6.005954
52.004901,-6.002605
56.992866,-0.004088
55.006855,-2.997811
57.002344,-5.996946
57.004991,-0.000664
51.998360,0.010424
52.001460,-0.002745
56.994737,-0.005074
51.996039,-0.006370
51.996094,-0.000875
57.002091,-0.002858
52.000396,-6.009099
57.000547,-5.992798
54.998657,-2.992161
54.997450,-3.007212
54.997845,-3.002150
52.007363,-0.004354
56.997603,-5.991709
57.007228,-6.000301
52.000829,-6.009902
54.995397,-2.992308
57.005473,-6.005886
56.996787,-5.995891
55.003602,-2.998684
55.001916,-2.992578
56.998485,-5.997886
51.995813,-5.996645
56.996101,-0.011310
52.003957,-0.005774
55.003170,-3.003902
51.997946,-5.996986
51.999343,-0.000839
54.998213,-3.002353
52.001541,0.005057
51.997781,-5.996504
56.995981,-6.002520
51.993582,-0.003691
52.002009,-0.002614
52.002745,-5.997625
54.993944,-3.005604
54.993840,-3.008203
51.994953,-6.001883
56.998021,-0.014872
57.004070,0.006822
56.997286,-6.000529
57.008681,-6.001835
51.991040,0.003978
52.003334,0.004411
56.999045,-0.004061
55.001465,-3.002895
52.002442,-0.002781
51.997723,-6.007374
51.988818,-6.000912
55.007337,-3.005312
56.996913,-5.997905
52.001781,-5.997402
52.002257,0.000304
57.001782,-0.003286
57.001729,0.004163
54.995117,-3.002569
52.007528,-0.000293
56.996828,-0.002453
57.002162,-0.000150
52.002302,-0.007464
55.005827,-2.998045
57.004160,-6.003716
56.996628,-6.003625
55.008359,-2.998106
54.993786,-3.004084
57.006055,-5.996464
56.993414,-5.998468
51.998192,0.003278
56.998158,-5.993323
52.001602,-0.004478
55.004068,-3.009620
57.001179,-5.996402
51.992378,-6.004878
55.007255,-3.001189
56.997392,-5.998500
51.998589,-6.008826
56.995014,0.007553
52.003513,-6.000342
51.991036,-5.999229
54.999120,-2.999147
57.002115,-6.002209
57.001512,-5.997475
57.001921,0.001741
55.006362,-2.999383
56.998391,0.008445
57.009271,-6.001511
54.996036,-2.997124
56.994787,-0.002630
56.996363,-6.002933
54.994627,-2.995068
52.001626,0.001244
56.998166,-5.995399
56.998117,0.000979
52.006004,-6.005452
51.999202,-5.994089
57.005055,-5.999977
52.007088,-5.997080
51.995636,0.003021
52.000886,-0.005441
57.003568,0.006430
52.000288,0.006922
56.997353,0.006019
51.998903,0.007168
51.997792,-6.002205
51.995568,-0.004072
52.004770,-5.997278
51.999253,-0.000864
56.997646,-0.001630
52.002847,-6.000164
51.996099,-6.000330
56.989089,-5.998057
51.994504,0.000012
57.000734,-5.996978
52.006282,-5.989107
51.996334,-5.994216
52.008325,0.006354
52.000489,0.007823
56.995411,-0.005768
55.000106,-2.995700
51.996692,-5.994105
54.994247,-2.998561
51.996542,0.003937
57.002600,0.012199
51.995779,-5.999431
52.008202,-0.001896
55.005172,-3.003041
56.992338,-6.006857
51.997989,-5.996569
57.000400,0.000574
51.989576,0.002132
56.995069,-6.004947
54.998524,-3.000363
52.003594,0.000395
52.005185,-0.002772
56.998923,-5.999809
56.996494,-6.001958
52.001152,0.006497
54.993610,-3.000706
54.997007,-3.005859
56.999483,-6.002787
55.004364,-3.000327
52.002695,-0.009378
57.003165,0.002951
57.003401,-5.993728
52.000336,0.003273
52.003054,-0.004191
51.996949,0.009736
56.996308,-6.004327
55.008334,-2.986952
52.007163,-6.015265
56.997734,-5.998318
56.993961,-5.996861
57.003774,-0.000556
57.001289,0.005946
57.002120,-6.002250
52.003448,-5.993225
51.996408,0.001775
54.994393,-3.000234
51.996081,0.004833
57.001072,-6.001219
52.004376,-0.003301
51.997174,-6.004301
56.991347,0.004733
52.001147,-6.009112
54.999290,-3.005232
52.004170,0.006374
55.006253,-2.992275
57.004157,-0.008713
51.994463,-5.992857
57.001695,-5.995338
57.008061,-6.004632
56.999842,0.003697
57.003867,0.001703
52.005910,-0.001027
54.998443,-2.995517
52.010983,-5.997972
55.004278,-2.999542
56.995841,0.001498
56.998605,0.000291
51.997195,0.003161
56.998711,0.001969
55.003927,-3.000411
55.017339,-3.000756
56.999820,-6.010654
54.989219,-3.002029
56.997473,-6.000648
54.995529,-2.998774
57.004921,-6.005796
56.991016,-6.006878
56.997803,-0.006632
52.003881,-0.000070
56.997849,-5.999927
57.002653,-6.006916
52.007800,0.007202
52.006613,0.002872
57.002584,0.005589
51.996950,-6.001870
57.001324,0.001520
51.996955,-5.999793
57.003606,-6.000065
51.999751,-6.000012
57.010186,-5.993173
52.007084,0.004093
56.993879,0.005893
52.008491,-6.012160
51.999208,0.012524
56.997501,-0.001906
52.005873,0.002265
55.011672,-3.000643
57.007469,0.000415
54.993102,-3.004116
57.003886,0.007286
51.995976,-0.000954
52.008158,-0.004616
51.994969,-0.008047
52.003161,-6.003785
56.995257,-6.004735
52.008835,0.000915
56.993614,-5.993600
56.993534,-0.003598
55.004521,-2.993647
56.995206,-0.000955
57.000847,-6.003744
56.998680,-6.000148
52.004107,0.005121
56.999753,-6.000563
57.004079,-0.000837
55.006616,-2.998484
52.000736,0.004681
51.992542,-6.007789
52.002416,0.004365
51.998099,-5.996494
55.002052,-2.998955
51.994165,-6.002975
52.009872,-0.000641
51.999302,-5.992887
52.000121,-5.995221
52.007813,0.003473
54.997177,-2.999964
52.002381,-6.004060
57.001472,-5.999110
57.006743,-0.014447
56.999340,-6.005582
56.990720,-6.003462
51.998846,-6.009003
51.997858,-5.998586
51.996418,-6.003437
56.996104,-0.007640
54.994614,-2.996168
51.992827,-6.002568
56.999592,-6.002238
57.002716,-0.012769
55.002557,-2.999943
51.997639,-5.998933
51.991435,-5.999098
51.998385,-5.996452
57.001001,-0.001232
56.997891,-5.995434
57.003535,-6.006127
51.998766,-5.993977
57.006938,-6.004407
56.994756,-0.005080
51.998665,0.000006
51.994977,-5.996688
54.995702,-3.000603
52.002741,-5.995922
55.002807,-2.991856
55.007580,-2.997904
55.004319,-3.012061
56.997731,-6.002054
57.002866,-6.000393
51.993580,-0.004632
51.998124,-5.998046
51.990636,-5.997044
56.995416,-6.003839
57.002523,0.006909
51.987987,0.004365
51.991858,0.000767
57.004812,-0.003393
52.004003,-5.991607
54.997220,-2.991198
52.004991,-5.994354
55.001326,-2.997868
57.003070,-5.994835
57.001066,0.003566
56.997625,-6.001975
51.994597,-6.003261
57.004222,-6.005961
51.997321,0.002315
52.000809,-0.003456
56.996465,-0.005434
57.002381,-5.992007
51.998560,-0.000055
57.003033,0.003110
57.006666,-5.997455
51.995051,-5.994696
54.995191,-2.993712
57.002736,-5.999776
57.003410,-6.000498
55.001169,-2.997501
55.000442,-3.003796
56.991945,-0.001940
51.995307,-0.003827
56.996920,-5.995324
52.002523,-0.001669
57.003979,0.003451
54.999796,-2.996797
52.001833,-0.004649
52.000610,0.002823
52.006889,0.006772
57.008032,-0.004848
57.004972,-0.004531
57.003581,-0.001325
57.000871,-0.003581
51.999554,-0.007041
57.001682,-0.003749
52.004515,-0.005138
54.999894,-3.011574
52.004496,-0.008390
52.005558,-6.004354
51.998418,-6.000251
56.998438,-0.008432
54.998124,-2.999820
52.002816,-5.999411
56.998569,-0.006338
57.004319,-0.011461
56.999211,-0.001211
56.990783,-6.003244
51.997651,-5.999339
55.003523,-2.996687
55.000074,-2.995666
52.008905,-6.003453
56.996644,-6.001517
57.003186,-0.000737
51.996563,0.003079
57.006071,0.002009
54.999659,-3.003320
52.001412,-5.999807
55.003048,-3.003449
55.003667,-2.999642
57.008133,-5.999193
52.009685,-6.001032
51.996657,0.002110
51.997968,-6.001021
57.000832,-5.998569
55.003654,-3.005587
52.000043,-5.993945
51.993191,-5.994284
56.993934,0.003322
57.002656,-0.001095
57.007813,0.002728
51.998607,-6.003220
55.004478,-3.000921
52.000170,-0.007290
57.000810,-5.988308
52.004863,0.002664
57.004971,0.009012
51.992968,0.004990
54.997079,-2.991102
51.996900,0.002302
56.994114,-5.998999
56.995169,-5.999843
57.007829,-0.000136
55.005210,-2.998868
56.999194,-6.000560
52.004508,-0.007242
51.993201,0.005868
51.999072,-5.993146
54.995078,-3.004407
56.996747,0.000527
55.018416,-3.004351
57.009736,0.008937
56.998216,0.001965
51.996436,-6.002156
54.997649,-3.007763
57.004785,0.006748
56.999608,-0.005918
57.005979,0.011204
51.992455,0.001123
55.004778,-3.004655
56.994459,-6.002522
51.999898,-5.994361
52.001305,-0.001401
51.996877,-0.011588
57.002276,-5.995497
52.006157,-5.998289
52.001413,-6.006811
52.004632,-5.999893
56.998464,-6.001329
55.000168,-2.993849
57.001074,0.004510
54.999085,-2.998963
54.997331,-2.992856
52.005123,-5.993472
56.999128,0.013575
57.005727,-6.000650
55.001953,-3.000467
57.003823,-0.006055
51.994607,-0.002118
51.999607,-5.999507
54.996132,-3.000102
51.993565,-5.990956
52.001834,-6.006844
51.994835,-5.996156
51.995464,-5.997231
57.001749,-6.004965
57.001079,-0.005456
57.005861,0.001281
57.000829,0.006007
56.994816,-6.001651
57.001385,-5.999522
51.999166,-6.013945
56.998889,0.000521
52.006468,-5.997682
51.995062,0.002341
57.009104,-6.007637
51.995834,0.002918
51.997190,-5.997924
54.988825,-3.003207
51.992636,0.002166
56.998937,0.005588
55.000344,-2.997981
54.996466,-2.992765
56.994472,-6.007903
51.998795,-6.006833
56.990948,-6.003827
54.990125,-2.994218
56.999420,0.001979
56.995265,0.001699
57.002006,-0.001545
52.002867,-5.995166
57.001994,-6.010526
55.003185,-3.004906
54.985510,-3.001789
55.005970,-2.998418
57.000735,-5.996774
54.996637,-3.003661
57.006952,-5.998872
51.996702,-0.006499
55.000678,-3.003335
56.997406,-6.000527
57.006891,-5.993351
57.008981,-0.002959
51.997375,-6.003306
57.009529,-5.993800
54.997991,-3.003442
55.004433,-2.994046
56.997120,-0.005264
56.998851,-0.002120
52.005035,-5.998117
52.009203,-0.013661
57.002178,0.000204
52.000152,-0.005319
57.005288,-0.000565
51.995359,0.004489
51.998043,0.002866
56.991230,0.008913
51.994368,0.000499
56.999529,-5.999617
57.009603,-5.987431
54.998387,-3.003910
56.996869,-6.004537
57.001515,-5.998494
52.002041,0.002472
52.002628,-5.993874
52.010829,-5.996786
57.001443,-0.001384
55.003333,-3.004010
54.995953,-3.006520
51.998743,-0.001624
57.007088,-0.003672
51.998230,-0.004528
54.999316,-2.992870
57.005517,-6.001173
51.997445,0.000458
57.002261,-0.003421
56.996638,0.000767
57.002954,0.000549
55.002319,-3.001358
52.001671,0.004551
54.999249,-3.002633
55.000399,-2.995261
51.998773,-0.005036
56.994593,-6.005681
52.001079,-6.000894
56.999228,-5.999969
56.986205,-5.997517
54.992922,-2.999405
52.006363,-6.009240
51.994837,0.001295
51.996145,0.000002
51.997767,-6.009592
57.003073,-6.002361
56.997489,-0.004976
54.990621,-3.002991
55.004479,-3.000016
51.997790,-6.003540
52.010325,-5.991922
57.001368,-6.001245
51.996977,-5.994771
51.998170,-5.990407
51.996102,-5.990790
56.996767,-0.002666
55.001385,-3.005241
57.001840,0.002990
57.001471,-0.014194
57.001361,0.003322
56.998144,-6.003506
57.009026,-5.994925
56.998103,0.004452
57.007089,-6.002217
57.001797,-0.001179
51.996128,-5.988790
57.007222,0.003685
55.013823,-2.997035
51.999835,-5.999216
57.005260,0.009536
52.006624,-6.002976
57.006069,-6.001042
55.006033,-2.998203
52.005757,-6.000789
52.009217,-0.006361
52.000820,-0.010332
54.999054,-3.004956
56.998862,-0.006698
54.999207,-2.997080
51.998265,-5.995142
52.003274,-5.994754
51.992551,0.000890
57.003168,-0.001836
52.003959,-5.997482
56.999719,-5.996159
57.008677,0.003550
51.998624,-0.006196
56.995615,0.001059
56.992286,-6.004233
54.994109,-2.997275
56.992428,-6.003063
51.999511,-0.005877
52.005335,-5.999380
57.007125,0.004277
56.997737,-0.001169
56.992322,-5.993897
57.001806,-6.008520
57.004580,0.002943
55.006373,-2.995241
57.000281,-5.997497
51.996568,-0.002195
52.002903,-6.005618
56.996795,0.004473
52.004925,-5.998485
57.002149,-6.003248
52.005617,0.003259
57.001134,-5.992210
57.000823,0.001991
52.001589,-0.004594
52.001076,-0.003151
56.997590,0.005996
54.991462,-3.003490
52.002311,-6.000018
55.008313,-3.000425
57.000671,-6.005669
56.990696,-5.997234
51.993265,-6.002269
51.999852,-5.999626
51.999620,-6.002534
56.994531,-0.005835
56.995995,-6.000196
57.003685,-0.000290
51.998190,-0.001926
56.993329,-6.000291
55.008605,-3.003752
51.995279,-5.991038
56.999830,0.007162
56.991980,-6.003051
56.994810,-5.997856
51.999589,-5.999554
57.003937,-5.996461
56.991753,-5.999353
56.994012,-6.001969
57.003738,-5.993260
54.996845,-3.001755
52.001855,-0.000926
56.998169,0.002035
55.001120,-2.998906
51.996269,-6.004100
52.010123,-6.004629
57.000247,-0.007848
51.996753,-0.002986
52.001193,-6.004057
57.004712,-0.000029
57.001150,0.007371
52.011413,-6.007883
51.990970,0.005487
52.004323,-0.003800
51.999619,-5.995281
52.007126,-5.998467
52.002898,-0.006645
56.993797,-0.005292
51.994777,-5.998624
56.995343,-0.007368
51.997830,0.004690
51.998345,-5.998693
56.996843,-5.996792
57.000219,0.002727
52.001748,-5.997717
57.002626,-6.002523
52.001054,-6.003353
52.001350,-0.005936
57.001883,-6.002521
54.995307,-3.001555
57.001341,-5.997264
56.996114,-6.006311
51.993505,-5.995176
51.998478,-0.005607
55.005443,-2.986847
56.992443,-6.006700
54.994110,-2.996898
51.996402,-6.001326
52.001600,-6.002371
51.998824,-6.008377
54.996530,-2.995658
56.993319,0.003351
52.001026,0.000590
54.998484,-2.998860
52.000015,-0.000839
55.002408,-2.988993
51.994338,-6.000410
51.994060,-5.999449
51.997851,0.004173
51.997238,-5.991179
57.000460,-6.007609
57.002020,-0.007463
52.002909,-5.997498
51.996102,0.001543
57.002182,-5.997783
51.995113,-0.000839
51.999671,-0.005479
52.007545,-6.005050
57.001036,-0.000146
52.003907,-5.996441
51.993368,-5.999925
51.993823,0.004153
51.999699,-0.000569
52.002625,0.002924
52.000618,-0.005962
55.000744,-2.997463
57.010483,-6.006368
57.004383,-0.005171
56.994935,-0.005321
51.988752,-0.005754
56.997574,0.000198
56.996344,-6.003172
57.001729,-6.006845
52.000929,-0.001322
57.009125,-6.001901
52.006388,0.001436
51.993591,-0.005145
57.002669,0.001510
56.999846,-5.997122
57.002304,-0.001834
51.999384,-5.993210
56.998597,-5.992679
51.995870,-6.005102
54.995947,-3.006061
52.000275,0.000517
52.001473,-6.001030
52.000538,0.002954
52.005579,-6.001621
55.000384,-3.004427
52.003937,-6.003951
52.012028,-0.006004
57.001707,-0.003205
51.993956,-5.991674
51.993981,-6.012335
56.996057,-6.002508
55.006850,-3.003385
55.004161,-3.002174
56.998081,-6.002146
51.992001,-6.001554
52.003365,0.001631
57.002963,-0.007671
57.012575,-5.994033
56.991641,-5.994264
56.999415,-0.002160
55.001888,-2.993512
52.005246,-6.005922
57.009836,-6.008809
52.006968,0.005480
51.997214,-5.998660
56.994977,-6.003540
57.005742,-6.002524
52.004305,-0.004271
52.005236,-5.994283
56.993183,-6.000691
57.004600,-0.011350
56.997069,0.003678
55.002764,-2.995254
57.003110,0.001126
57.006007,-0.000414
55.002738,-3.000149
52.004395,-5.997407
55.004984,-3.004956
54.999400,-2.995293
55.001478,-2.995384
57.005547,0.008037
52.002905,-5.998457
54.998707,-3.006581
51.998957,-0.002235
55.006751,-3.006000
52.004174,0.009811
57.006492,-5.996048
51.999502,-0.000900
57.004684,-6.000078
51.998070,-0.004157
51.989741,0.006038
57.009163,0.002751
54.998280,-3.005047
56.990068,-5.990416
56.999920,-5.998690
51.992504,-5.998279
55.001039,-2.998577
54.999835,-3.001816
54.998395,-3.002085
56.996336,-0.005605
52.002527,-0.005511
54.998205,-2.994091
52.000174,-0.005367
52.002171,0.001142
54.999441,-3.001704
52.002491,-0.000199
51.994308,-0.003504
52.007748,-0.006652
56.995002,0.009387
52.000446,-5.998604
57.004818,-6.013439
54.999679,-3.007026
56.990093,-0.002232
54.995502,-2.999440
56.991479,0.000016
51.986638,-6.004384
55.000068,-3.002445
52.004030,-6.011036
57.007067,-5.997734
52.002086,-5.995044
54.994914,-3.005148
55.003488,-3.002002
52.001715,0.001926
57.000181,-6.003004
51.997687,0.006191
57.004626,-0.001486
52.002568,-5.994707
57.002554,-6.001184
51.993204,-6.001449
57.001016,0.006235
56.995505,-5.998059
57.002614,-5.999160
57.003579,-6.001605
52.001829,-6.001114
52.003447,-0.005334
57.003915,0.000560
55.000853,-2.999670
52.001381,0.000369
56.999161,-6.003009
55.004016,-3.004495
54.996448,-2.996791
51.998705,-0.003083
57.002254,0.008527
56.994090,-6.000233
55.005666,-3.007709
56.994899,-6.000377
52.002943,0.007303
55.001711,-3.001937
55.005316,-2.990850
56.998568,-6.004090
57.010657,-6.001237
56.993679,-6.002937
51.994794,-5.996520
56.996751,-0.004419
56.997763,-6.003470
52.001654,-0.011602
56.994764,-0.011449
52.001497,-5.996745
51.998025,-0.001570
56.997752,-6.000183
51.994776,-6.001461
57.001448,-0.001678
56.991019,-5.999686
52.004203,-0.004359
55.004315,-2.996905
57.000995,-6.006722
52.008823,-6.002216
52.003817,-5.995195
54.998537,-3.001898
51.998311,-6.003315
57.014986,0.005245
56.987488,-6.000833
57.000374,-6.002862
52.012038,-5.994354
57.003071,0.007057
52.002080,-0.003659
52.007768,0.005694
57.003759,-6.003333
54.996760,-2.996623
56.995086,0.003962
54.990911,-2.997079
55.000765,-2.998372
52.005549,-0.003924
57.002535,0.010863
57.001923,0.004254
55.000649,-2.996138
52.000224,-5.998323
52.004767,-5.998854
54.993759,-3.004213
52.005640,-0.002427
57.004441,-5.998503
56.994754,0.006910
51.998600,-5.995706
52.010976,0.009411
56.998390,-6.002901
52.006264,-6.005416
57.009221,-5.998379
55.005450,-3.003184
57.003149,0.000845
52.001922,-6.004939
51.997411,-6.004238
52.002248,0.003733
51.995696,-6.005495
56.999375,0.002095
52.003601,-0.003222
57.007146,-6.001429
56.998866,-6.013652
52.008828,-0.000586
57.002545,-6.007473
56.997873,-0.006456
52.004637,-6.005579
55.006681,-2.996102
57.005050,0.000545
57.008754,-0.003259
54.997677,-2.991991
52.001474,0.006921
54.994769,-2.994297
54.996284,-2.998396
57.001961,-0.002273
56.996406,0.000686
56.998959,-5.998090
55.003056,-3.007643
51.998858,-5.991526
57.005270,-0.000977
52.002764,-5.999087
56.993802,-6.000078
51.998735,-5.996186
51.993220,-0.001670
52.000120,-5.995401
56.994009,-0.001342
51.999463,-0.002581
51.999246,-0.004912
57.002947,-5.994556
55.004533,-3.001336
54.991287,-2.991180
54.995307,-3.002453
52.002915,0.002256
51.990971,-5.993165
56.996716,-6.001558
54.999270,-2.993071
51.994725,-5.999063
52.003783,-6.005171
54.999840,-2.996366
56.998142,-5.999270
57.013955,-5.993567
54.993218,-2.991630
57.001370,0.001391
57.007450,-5.998774
55.007892,-3.005957
57.005998,-6.006383
56.997738,0.006705
57.006470,-5.999129
51.996089,-6.008786
57.000382,0.010477
51.998691,-6.001239
56.996645,0.006170
52.004782,-5.990500
56.998719,0.001018
57.003142,-5.995605
57.006157,-0.002980
52.004236,-5.990490
52.000652,0.004531
52.008368,0.001200
54.997706,-2.995417
55.002212,-2.994107
56.997607,-6.002222
51.999664,-5.991269
51.998608,0.003677
52.001549,-6.003110
57.001191,-5.992023
52.004096,-0.003693
51.995699,0.004163
55.002855,-3.000147
52.005524,-0.001759
56.986310,-0.000812
57.003518,-0.000416
52.005383,-6.014081
52.002198,-5.994297
55.004553,-2.993141
52.002810,-0.006718
55.003033,-3.003588
57.000466,-5.988283
56.992894,-0.000426
57.002885,-0.001116
57.007419,0.003723
57.014015,0.004162
52.002074,0.000195
52.004395,-0.002666
55.000267,-3.004239
56.999808,-5.997685
52.002162,-5.996146
51.992759,-0.003463
55.000479,-2.997527
52.006111,-0.004708
51.993470,0.001897
56.990813,-6.004146
