51.970390,0.979328
52.094427,0.668408
52.038683,0.730226
51.966211,0.972091
52.102815,0.666893
51.956771,1.268376
51.996361,1.213605
51.978282,1.019392
51.968265,1.088246
51.976413,1.053112
52.077065,0.716630
51.956682,1.057899
52.046763,0.957949
52.091810,0.871471
52.028751,0.743908
52.037694,0.855736
51.968086,1.114167
52.097693,0.667931
52.040323,0.730880
52.000502,0.848865
51.978461,1.021866
52.041290,0.734118
52.108245,0.907990
52.027024,0.744328
52.078690,0.717911
52.038408,0.747475
52.041394,0.729677
52.040573,0.727833
52.030727,1.148689
52.169493,0.801282
52.041098,0.728083
52.008290,1.019169
52.022268,0.956040
51.989187,1.206871
52.075191,0.891684
52.080338,1.000880
52.005746,1.197606
51.975310,1.056110
51.956760,1.275217
52.008164,0.816358
52.037454,0.730107
51.968224,0.972501
51.985359,1.156531
51.970645,0.873238
52.036334,0.727180
52.109060,0.796702
51.990847,0.894023
52.042830,0.727868
52.050935,1.097901
52.059961,0.916290
52.028706,0.895637
52.040169,0.732839
52.022208,0.746044
52.037879,1.087183
52.143674,0.737318
51.990168,1.070262
52.096944,0.827294
52.105839,0.792936
52.045618,0.959156
52.094427,0.668408
52.007232,0.902119
52.038603,0.732496
51.983350,1.158283
52.071054,0.760512
51.988456,0.895820
52.140441,0.679212
52.041752,0.744457
52.028753,0.859875
52.043575,0.954179
52.076134,0.716836
52.049431,1.044889
52.108440,0.795509
51.968635,1.183065
52.142150,0.790064
52.044443,0.953624
51.970665,1.127116
51.985543,0.846385
52.066062,0.710986
52.095762,0.889729
52.104021,0.909672
51.971613,1.011503
51.969177,1.251383
52.076991,0.718655
52.043843,0.954984
52.033264,0.790275
52.039850,0.732251
52.117918,0.838059
52.079464,0.718659
52.155084,0.726146
52.071343,0.803493
52.059864,0.777825
52.001550,1.055231
52.001534,1.110762
52.048066,0.844481
52.062540,1.094721
51.971873,0.775610
51.968250,1.030381
52.039777,0.727638
51.989590,1.099868
52.103269,0.954386
51.627637,0.418449
51.586173,0.444311
51.572663,0.487228
51.586077,0.476787
51.570643,0.457173
51.589844,0.484038
51.586077,0.476787
51.568847,0.456629
51.568760,0.530525
51.627905,0.418941
51.622508,0.400637
51.571928,0.431784
51.574281,0.516730
51.614357,0.518759
51.605537,0.510285
51.563957,0.445341
51.626986,0.419036
51.582728,0.463267
51.559032,0.458898
51.585137,0.462458
51.557137,0.504689
51.589844,0.484038
51.583619,0.460659
51.590444,0.527110
51.611579,0.508235
51.569253,0.395232
51.586077,0.476787
51.578630,0.476801
51.578629,0.476800
51.574825,0.459304
51.574973,0.510924
51.600700,0.519852
51.552801,0.421272
51.579490,0.471824
51.632247,0.407250
51.627254,0.418689
51.582342,0.486703
51.568428,0.453013
51.609778,0.438371
51.569503,0.456649
51.563617,0.463301
51.589844,0.484038
51.568428,0.453013
51.624762,0.416563
51.620399,0.415753
51.617808,0.528081
51.608511,0.533833
51.557696,0.450545
51.648554,0.414575
51.613317,0.518197
51.566237,0.517368
51.605394,0.401510
51.574281,0.516730
51.625060,0.418226
51.582349,0.492276
51.626224,0.418460
51.611697,0.520346
51.607056,0.412141
51.570654,0.457490
51.637347,0.413734
51.576369,0.418801
51.582728,0.463267
51.574377,0.423342
51.583789,0.512911
51.588449,0.438644
51.572508,0.441052
51.585137,0.462459
51.627905,0.418941
51.626851,0.426904
51.614445,0.522203
51.580328,0.496827
51.565172,0.467585
51.585137,0.462458
51.561879,0.493161
51.601813,0.535829
51.616963,0.526416
51.568013,0.491491
51.568922,0.423629
52.124672,-0.487429
52.127946,-0.498772
52.139699,-0.468084
52.137253,-0.465304
52.137070,-0.467809
52.137564,-0.468494
52.138476,-0.470873
52.165798,-0.484646
52.245405,-0.557751
52.158962,-0.442950
52.140104,-0.460530
52.133594,-0.465371
52.140104,-0.460530
52.136174,-0.466686
52.128793,-0.413089
52.130132,-0.555720
52.141741,-0.509560
52.138466,-0.466607
52.075717,-0.448869
52.144458,-0.473854
52.141191,-0.471526
52.100327,-0.540433
52.136320,-0.475141
52.201417,-0.397816
52.231557,-0.563545
52.136573,-0.466263
52.256083,-0.389225
52.136580,-0.450277
52.132289,-0.465957
52.137924,-0.465047
52.095965,-0.528780
52.252615,-0.477529
52.164980,-0.503652
52.140530,-0.447729
52.187596,-0.606667
52.236281,-0.608893
52.125629,-0.470291
52.136824,-0.465480
52.137145,-0.454290
52.136470,-0.472155
52.114645,-0.507704
52.136174,-0.466686
52.177242,-0.425391
52.140236,-0.483205
52.119180,-0.493852
52.125910,-0.487183
52.146110,-0.470904
52.115640,-0.503245
52.118006,-0.413282
52.133473,-0.465726
52.137253,-0.465304
52.126376,-0.459995
52.123984,-0.466899
52.118988,-0.461550
52.114224,-0.486731
52.142385,-0.473472
52.135901,-0.467104
52.169920,-0.528974
52.189685,-0.545833
52.135899,-0.472525
52.251490,-0.623872
52.254107,-0.623952
52.161839,-0.420642
52.145499,-0.536121
52.148249,-0.437887
52.137834,-0.478947
52.081896,-0.450406
52.178618,-0.315458
52.112066,-0.497918
52.139835,-0.454431
52.107753,-0.436586
52.120141,-0.488883
52.134480,-0.492240
52.250762,-0.504196
52.284240,-0.491751
52.134172,-0.473125
52.070675,-0.513941
52.144612,-0.526958
52.124933,-0.481840
52.143119,-0.426653
52.125230,-0.443893
52.152420,-0.345463
52.137958,-0.467018
52.142341,-0.468666
52.171958,-0.528029
52.140531,-0.466434
52.135460,-0.514884
52.095853,-0.417411
52.208976,-0.589973
52.153889,-0.444209
52.120334,-0.452462
52.137395,-0.461705
52.258574,-0.423200
52.289492,-0.517451
52.085934,-0.489965
52.188877,-0.552559
52.095965,-0.528780
52.136987,-0.374309
52.208094,-0.290575
52.113801,-0.496531
52.210786,-0.509037
52.122263,-0.389014
52.140351,-0.469114
52.136183,-0.466028
52.140369,-0.474725
52.137178,-0.465073
52.202021,-0.613870
52.269504,-0.603647
52.146104,-0.433461
52.201735,-0.611727
52.138261,-0.466088
52.147050,-0.456081
52.161881,-0.452995
52.135795,-0.465208
52.167537,-0.556615
52.192833,-0.601778
52.139267,-0.475712
52.137563,-0.462839
52.159771,-0.489982
52.207953,-0.551530
52.225512,-0.542774
52.141743,-0.473173
52.296810,-0.472890
52.162991,-0.625419
52.137395,-0.461705
52.158188,-0.458664
52.081750,-0.449564
52.138190,-0.507502
52.185099,-0.400553
52.136517,-0.466133
52.194434,-0.299147
52.141391,-0.468888
52.139569,-0.443729
52.135900,-0.467104
52.136517,-0.466133
52.161851,-0.627881
51.875255,0.506192
51.877291,0.548311
52.076439,0.465405
51.908637,0.696505
51.943931,0.627930
51.881106,0.551956
51.902304,0.554771
51.903393,0.555952
51.874592,0.621965
51.878751,0.552287
51.876773,0.545201
51.872933,0.581945
51.874119,0.570927
51.878987,0.551778
51.987272,0.597796
51.872401,0.687972
51.862476,0.686639
51.870007,0.671863
51.933178,0.688709
51.926909,0.699738
51.936043,0.630407
51.846722,0.622392
51.788922,0.636497
51.878858,0.610924
51.928337,0.691983
51.926409,0.697599
51.834440,0.700139
52.043611,0.448839
51.939965,0.590187
51.945034,0.637700
51.953955,0.651701
51.943963,0.640941
52.071118,0.441078
51.799069,0.638786
51.837372,0.701302
51.835812,0.699525
51.865469,0.538564
51.814259,0.639979
51.770447,0.707278
51.990117,0.597218
51.989439,0.584725
51.858354,0.523189
51.884353,0.542345
51.904930,0.565912
52.072507,0.647866
51.794935,0.634644
51.902304,0.554771
51.943799,0.632229
51.982544,0.589105
51.849403,0.621140
51.800914,0.635499
51.802809,0.648042
51.775431,0.592480
51.805403,0.562677
51.875669,0.550950
51.832975,0.696974
51.799069,0.638786
51.947183,0.434922
51.898707,0.519737
51.989630,0.598938
51.850391,0.717068
51.888227,0.557373
51.950178,0.528705
51.878258,0.552216
51.927190,0.702374
51.871305,0.685931
51.813552,0.634192
51.890620,0.643974
51.944726,0.641800
51.770723,0.607329
51.927883,0.698822
51.777169,0.598089
51.970369,0.771877
51.940436,0.691835
51.968585,0.450132
51.801083,0.641225
51.933921,0.504267
51.878011,0.556139
51.846766,0.522962
51.935610,0.592788
52.008609,0.533121
51.942572,0.640844
52.050065,0.611823
52.012780,0.736926
52.001861,0.451731
51.879561,0.549790
52.040511,0.531673
51.935610,0.592788
51.927883,0.698822
51.944934,0.632136
51.878617,0.552687
51.869311,0.581853
51.878617,0.552687
51.892146,0.614354
51.875779,0.574756
52.006994,0.640207
51.876982,0.553815
52.042298,0.487908
51.805964,0.636520
51.839766,0.704334
51.968398,0.452189
52.068363,0.474006
52.042889,0.621497
51.800558,0.641383
52.042757,0.446648
51.902304,0.554771
51.943935,0.635395
51.875164,0.565466
51.799436,0.640055
51.816218,0.534198
51.840861,0.707942
51.876067,0.513662
51.797502,0.637303
51.886112,0.569795
52.016318,0.565447
51.968517,0.456403
51.805809,0.619697
51.995560,0.666733
51.942760,0.626421
51.875540,0.509259
51.989352,0.598456
51.944711,0.638074
52.011023,0.566586
52.037914,0.529908
51.807475,0.635317
51.856326,0.602183
51.809453,0.634504
51.873912,0.690300
52.050076,0.746907
51.948512,0.436770
51.876708,0.553189
51.843598,0.629006
51.953394,0.487974
51.772513,0.606490
51.936764,0.607709
51.826156,0.600907
51.800777,0.639205
51.772351,0.606118
51.799231,0.625538
51.798882,0.639515
52.446503,1.024176
52.514638,1.020910
52.514593,1.009998
52.446503,1.024176
52.583268,0.572042
52.496684,0.983533
52.582937,0.875593
52.413253,0.750459
52.683185,0.941619
52.571223,0.825043
52.713554,0.989374
52.680197,0.942453
52.664995,0.951283
52.480415,0.836304
52.766699,0.747148
52.683805,0.935475
52.413652,0.751087
52.647829,0.688755
52.441325,0.926208
52.682218,0.940000
52.649611,0.684739
52.413687,0.747662
52.472098,1.071614
52.413247,0.751135
52.648720,0.687139
52.471973,1.073622
52.747752,0.939137
52.415064,0.746821
52.518322,1.017875
52.652376,1.036745
52.602890,0.782372
52.663918,0.940708
52.426095,0.753921
52.680197,0.942453
52.580891,0.809514
52.482696,1.041905
52.743042,0.954230
52.413712,0.750473
52.516853,1.014826
52.586373,0.799427
52.688619,0.582819
52.645722,0.689276
52.634120,0.677065
52.413131,0.754922
52.703990,0.978165
52.462989,0.916779
52.414979,0.753949
52.680446,0.759485
52.679766,0.941344
52.669764,0.808011
52.412083,0.742401
52.534517,0.830973
52.679125,0.956956
52.514090,1.019825
52.533779,0.976419
52.800252,0.846919
52.417722,0.756679
52.410861,0.752780
52.494857,0.876897
52.570304,0.867755
52.718448,1.061507
52.714214,0.993931
52.461623,1.032869
52.439080,0.932239
52.682738,0.938600
52.627924,0.887573
52.617337,0.587041
52.640165,0.839138
52.410758,0.992272
52.722725,0.792990
52.684135,1.025646
52.411749,0.748998
52.707692,1.036708
52.681701,0.939802
52.654907,0.971720
52.719065,0.918013
52.471745,0.969990
52.746562,1.029587
52.582921,0.723428
52.670277,0.733445
52.681701,0.939802
52.647829,0.688755
52.432612,1.004288
52.540752,0.887406
52.681164,0.939337
52.416531,0.745236
52.448009,0.754347
52.773167,0.992629
52.677145,0.940783
52.468308,0.609534
52.651291,0.688361
52.658696,1.034714
52.439080,0.932239
52.587827,0.597571
52.572044,0.694992
52.411791,0.725074
52.561952,0.829538
52.531624,0.934909
52.563437,0.609586
52.703011,0.869865
52.571555,0.825463
52.650614,0.776975
52.411018,0.747202
52.414128,0.752278
52.414987,0.750523
52.423833,0.742527
52.660911,0.939028
52.605651,0.646245
52.674680,1.069466
52.556726,0.868802
52.681701,0.939802
52.646123,0.688650
52.392749,0.999564
52.496684,0.983533
51.599399,0.296689
51.601103,0.335159
51.640068,0.225091
51.648019,0.273372
51.692593,0.319492
51.616085,0.299207
51.670870,0.385766
51.615300,0.299818
51.621319,0.296900
51.639362,0.275020
51.640834,0.275657
51.693451,0.316135
51.594854,0.354490
51.608962,0.307499
51.623230,0.308613
51.641032,0.243422
51.570599,0.330175
51.620651,0.305737
51.623230,0.308613
51.622126,0.307112
51.623700,0.260424
51.607123,0.297628
51.620699,0.304699
51.570212,0.343287
51.622045,0.305316
51.611772,0.299033
51.592376,0.282345
51.628689,0.303558
51.610740,0.311287
51.606722,0.334812
51.594984,0.356937
51.631196,0.329638
51.634079,0.353688
51.612097,0.322723
51.612097,0.322723
51.627467,0.347061
51.631911,0.337536
51.672184,0.387917
51.672184,0.387917
51.667508,0.273726
51.666877,0.261705
51.615523,0.295741
51.604944,0.300522
51.630301,0.328523
51.653362,0.257461
51.683953,0.368977
51.630796,0.332580
51.615051,0.299198
51.653362,0.257461
51.619144,0.298683
51.634328,0.341721
51.655497,0.357458
51.629410,0.346149
51.644335,0.271323
51.631178,0.322354
51.619424,0.299087
51.648019,0.273372
51.584572,0.362215
51.628925,0.279945
51.612951,0.277296
51.618195,0.303518
51.617232,0.300320
51.621387,0.268905
51.584572,0.362215
51.620249,0.300602
51.593077,0.284228
51.670168,0.384441
51.637909,0.278575
51.617232,0.300320
51.681304,0.290344
51.611765,0.273553
51.633184,0.352587
51.606818,0.299432
51.612838,0.327990
51.685682,0.369284
51.665981,0.269455
51.630563,0.321658
51.619484,0.299683
51.652161,0.350259
51.596500,0.350849
51.590281,0.315388
51.579913,0.355536
51.622126,0.307112
51.631759,0.333424
51.693035,0.318487
51.669973,0.383882
51.619891,0.299096
51.607544,0.265326
51.594315,0.369637
51.628136,0.380372
51.655497,0.357458
51.568475,0.341539
51.624593,0.301472
51.628302,0.294854
51.637313,0.326353
51.663047,0.276568
51.620225,0.302696
51.670870,0.385766
51.619891,0.299096
51.619484,0.299683
51.619535,0.299352
51.640312,0.258461
51.667835,0.298024
51.613952,0.322616
51.675652,0.293820
51.618919,0.308770
51.622547,0.303984
51.682999,0.281807
51.690876,0.374374
51.572144,0.315736
51.588609,0.307131
51.629884,0.319586
52.793972,1.250331
52.677743,1.411708
52.795301,1.250757
52.753482,1.299860
52.691110,1.282452
52.661501,1.330522
52.676800,1.224885
52.662066,1.418636
52.704159,1.239695
52.810647,1.228586
52.637347,1.331701
52.764656,1.114267
52.693940,1.245703
52.802476,1.133575
52.641100,1.558422
52.647421,1.331004
52.634403,1.338824
52.723008,1.105357
52.628107,1.363944
52.728381,1.290838
52.663104,1.106445
52.618815,1.477240
52.664068,1.489962
52.762698,1.110732
52.621437,1.490527
52.728245,1.369580
52.633343,1.448251
52.638531,1.547819
52.688048,1.318098
52.659648,1.301628
52.676052,1.488610
52.733495,1.219589
52.699876,1.409275
52.687245,1.212513
52.698933,1.125571
52.652031,1.352177
52.625415,1.427660
52.587889,1.554253
52.727510,1.352990
52.676406,1.223169
52.606154,1.575530
52.578608,1.512072
52.728245,1.369580
52.711038,1.313846
52.625778,1.343606
52.617368,1.469840
52.686814,1.197223
52.662769,1.379418
52.629014,1.361442
52.728053,1.363358
52.651020,1.441021
52.648832,1.566592
52.770443,1.163686
52.721471,1.108447
52.626541,1.338240
52.665424,1.261664
52.675901,1.224877
52.597965,1.512632
52.638216,1.345221
52.762698,1.110732
52.794228,1.247873
52.740738,1.264489
52.682158,1.439120
52.649682,1.327671
52.662969,1.108507
52.683492,1.372731
52.770067,1.255949
52.781815,1.010516
52.625415,1.427660
52.626226,1.336324
52.664849,1.496711
52.558742,1.574429
52.680880,1.161940
52.619086,1.438736
52.626591,1.333263
52.793972,1.250332
52.683141,1.178634
52.706192,1.120760
52.654523,1.269193
52.658431,1.541963
52.657345,1.306187
52.642825,1.342187
52.702475,1.397693
51.764698,-0.011158
51.743733,-0.018945
51.706630,-0.059848
51.745806,-0.018695
51.695480,-0.042541
51.716862,-0.048350
51.693311,-0.034879
51.779377,-0.017747
51.710152,-0.085998
51.700068,-0.034558
51.767133,-0.006269
51.761556,-0.012036
51.840050,-0.275105
51.702924,-0.034912
51.712246,-0.075473
51.709939,-0.065294
51.767133,-0.006269
51.767996,0.002176
51.759397,-0.010899
51.762124,-0.010489
51.745679,-0.019672
51.722414,-0.026002
51.840050,-0.275105
51.703301,-0.045098
51.752403,-0.014741
51.710809,-0.087099
51.757883,-0.012820
51.704061,-0.048076
51.710078,-0.048671
51.701065,-0.033994
51.760608,-0.019265
51.703335,-0.025067
51.685278,-0.032565
51.712998,-0.031797
51.706549,-0.036578
51.733546,-0.023823
51.686856,-0.036562
51.712925,-0.051183
51.731742,-0.025089
51.702847,-0.025450
51.696657,-0.034908
51.764354,-0.012130
51.683407,-0.033616
51.689811,-0.034756
51.691256,-0.036213
51.709388,-0.081022
51.745806,-0.018695
51.761556,-0.012036
51.702847,-0.025450
51.711661,-0.049790
51.734373,-0.038269
52.212441,0.112782
52.205002,0.120947
52.209025,0.118255
52.206283,0.120203
52.213738,0.124159
52.207309,0.124159
52.218016,0.143687
52.204932,0.127807
52.207271,0.124230
52.198334,0.142623
52.193371,0.133181
52.206283,0.120203
52.218170,0.146081
52.208244,0.119652
52.175103,0.112942
52.230666,0.138805
52.207309,0.124159
52.200288,0.140010
52.217025,0.138808
52.206307,0.120862
52.204302,0.119362
52.197986,0.138509
52.198979,0.134796
52.204222,0.120324
52.174445,0.111068
52.213810,0.127675
52.196295,0.125083
52.200195,0.126718
52.181376,0.152954
52.196903,0.107245
52.186903,0.171259
52.198688,0.135513
52.197346,0.145034
52.213078,0.112826
52.200132,0.134222
52.207484,0.125924
52.206283,0.120203
52.196170,0.126028
52.202093,0.116213
52.204115,0.118270
52.204605,0.137934
52.196092,0.155114
52.208346,0.133488
52.202987,0.138925
52.207449,0.122878
52.221817,0.118453
52.215658,0.116916
52.202790,0.123446
52.210305,0.144955
52.204852,0.140200
52.204700,0.133197
52.204115,0.118270
52.205447,0.128666
52.200312,0.148074
52.194151,0.131287
52.202564,0.141934
52.228100,0.145945
52.201026,0.125981
52.200081,0.113542
52.215347,0.110694
52.195190,0.131527
52.175104,0.112942
52.209395,0.118653
52.207357,0.129475
52.190766,0.136509
52.209395,0.118653
52.188419,0.152841
52.201476,0.116505
52.222428,0.135906
52.209025,0.118255
52.210223,0.115604
52.214511,0.124679
52.210943,0.112564
52.188744,0.138899
52.202790,0.123446
52.187377,0.147348
52.196999,0.149728
52.229653,0.127701
52.205707,0.134211
52.197912,0.123667
52.204654,0.132770
52.213738,0.124159
52.199286,0.139698
52.210305,0.144955
52.221201,0.095541
52.208244,0.119652
51.519149,0.609047
51.512844,0.597704
51.545735,0.566215
51.519590,0.569127
51.545298,0.562324
51.554331,0.556009
51.540594,0.566488
51.549708,0.568776
51.562406,0.575782
51.522153,0.602962
51.521689,0.614930
51.519964,0.588941
51.517760,0.615700
51.526793,0.598945
51.521439,0.590927
51.553419,0.607200
51.531643,0.580130
51.514624,0.612767
51.553420,0.607200
51.555332,0.610541
51.553420,0.607200
51.545298,0.562324
51.521240,0.592242
51.545298,0.562324
51.519896,0.625149
51.511060,0.553686
51.566365,0.550176
51.519622,0.592583
51.522096,0.580340
51.519870,0.593202
51.549773,0.557960
51.548699,0.565141
51.512845,0.597704
51.570456,0.594898
51.514362,0.580695
51.553420,0.607200
51.568889,0.581965
51.513239,0.601416
51.571406,0.562754
52.032080,-0.497990
51.992666,-0.266602
51.872089,-0.534701
52.020015,-0.225845
51.965847,-0.429593
51.965847,-0.429593
52.068366,-0.269611
52.087275,-0.264077
52.008500,-0.306132
52.147261,-0.324680
51.960913,-0.492365
51.935151,-0.534365
51.890126,-0.521705
52.020014,-0.225845
52.007229,-0.524421
51.887248,-0.523137
51.913591,-0.529368
51.891877,-0.528711
51.881919,-0.555944
51.909613,-0.599091
52.073927,-0.628768
52.085050,-0.261931
51.968262,-0.642680
51.910526,-0.505930
51.890126,-0.521705
51.904849,-0.517035
52.116599,-0.223196
52.009815,-0.447928
51.937738,-0.667283
51.909774,-0.619613
51.959950,-0.371522
51.990084,-0.619577
52.054681,-0.545742
51.995492,-0.366825
52.084708,-0.265636
52.131528,-0.215662
51.965225,-0.427532
51.921027,-0.424482
52.073318,-0.525337
52.019908,-0.227132
52.020015,-0.225845
51.824439,-0.511507
52.035799,-0.303030
51.909380,-0.575198
52.014073,-0.628005
51.945903,-0.530552
51.921471,-0.662385
51.941753,-0.655003
51.917343,-0.657622
51.886635,-0.522284
52.124385,-0.282006
52.062118,-0.549556
51.948982,-0.531615
51.832388,-0.516543
51.982384,-0.495139
51.893554,-0.531984
51.990085,-0.619578
52.060019,-0.348397
